BndEquMlat BndEquTecVal BndMlon BndPolMlat BndPolTecVal date minFltrdTecVal minTecMlat minTecVal
55.0 5.7 340.0 68.0 7.4 "2011-04-03 04:00:00" 3.30188447133 60.0 3.4
55.0 5.7 340.0 68.0 7.4 "2011-04-03 04:05:00" 3.30188447133 60.0 3.4
55.0 5.6 340.0 68.0 9.2 "2011-04-03 04:15:00" 3.44695588405 59.0 2.7
55.0 5.4 340.0 67.0 11.2 "2011-04-03 04:25:00" 3.62380429526 58.0 3.0
55.0 5.7 340.0 68.0 7.4 "2011-04-03 04:00:00" 3.30188447133 60.0 3.4
55.0 5.7 340.0 68.0 7.4 "2011-04-03 04:05:00" 3.30188447133 60.0 3.4
55.0 5.6 340.0 68.0 9.2 "2011-04-03 04:15:00" 3.44695588405 59.0 2.7
55.0 5.4 340.0 67.0 11.2 "2011-04-03 04:25:00" 3.62380429526 58.0 3.0
55.0 5.7 340.0 68.0 7.4 "2011-04-03 04:00:00" 3.30188447133 60.0 3.4
55.0 5.7 340.0 68.0 7.4 "2011-04-03 04:05:00" 3.30188447133 60.0 3.4
55.0 5.6 340.0 68.0 9.2 "2011-04-03 04:15:00" 3.44695588405 59.0 2.7
55.0 5.4 340.0 67.0 11.2 "2011-04-03 04:25:00" 3.62380429526 58.0 3.0
55.0 5.7 340.0 68.0 7.4 "2011-04-03 04:00:00" 3.30188447133 60.0 3.4
55.0 5.7 340.0 68.0 7.4 "2011-04-03 04:05:00" 3.30188447133 60.0 3.4
55.0 5.6 340.0 68.0 9.2 "2011-04-03 04:15:00" 3.44695588405 59.0 2.7
55.0 5.4 340.0 67.0 11.2 "2011-04-03 04:25:00" 3.62380429526 58.0 3.0
55.0 5.7 340.0 68.0 7.4 "2011-04-03 04:00:00" 3.30188447133 60.0 3.4
55.0 5.7 340.0 68.0 7.4 "2011-04-03 04:05:00" 3.30188447133 60.0 3.4
55.0 5.6 340.0 68.0 9.2 "2011-04-03 04:15:00" 3.44695588405 59.0 2.7
55.0 5.4 340.0 67.0 11.2 "2011-04-03 04:25:00" 3.62380429526 58.0 3.0
55.0 5.7 340.0 68.0 7.4 "2011-04-03 04:00:00" 3.30188447133 60.0 3.4
55.0 5.7 340.0 68.0 7.4 "2011-04-03 04:05:00" 3.30188447133 60.0 3.4
55.0 5.6 340.0 68.0 9.2 "2011-04-03 04:15:00" 3.44695588405 59.0 2.7
55.0 5.4 340.0 67.0 11.2 "2011-04-03 04:25:00" 3.62380429526 58.0 3.0
55.0 5.7 340.0 68.0 7.4 "2011-04-03 04:00:00" 3.30188447133 60.0 3.4
55.0 5.7 340.0 68.0 7.4 "2011-04-03 04:05:00" 3.30188447133 60.0 3.4
55.0 5.6 340.0 68.0 9.2 "2011-04-03 04:15:00" 3.44695588405 59.0 2.7
55.0 5.4 340.0 67.0 11.2 "2011-04-03 04:25:00" 3.62380429526 58.0 3.0
55.0 5.7 340.0 68.0 7.4 "2011-04-03 04:00:00" 3.30188447133 60.0 3.4
55.0 5.7 340.0 68.0 7.4 "2011-04-03 04:05:00" 3.30188447133 60.0 3.4
55.0 5.6 340.0 68.0 9.2 "2011-04-03 04:15:00" 3.44695588405 59.0 2.7
55.0 5.4 340.0 67.0 11.2 "2011-04-03 04:25:00" 3.62380429526 58.0 3.0
54.0 8.6 0.0 66.0 8.5 "2011-04-03 04:00:00" 3.84230660415 59.0 3.5
54.0 8.1 2.0 64.0 4.4 "2011-04-03 04:00:00" 3.57743240575 60.0 3.6
52.0 9.4 4.0 64.0 3.3 "2011-04-03 04:00:00" 3.46153323056 60.0 3.6
51.0 9.0 6.0 65.0 6.7 "2011-04-03 04:00:00" 3.46548779121 60.0 3.8
51.0 7.8 8.0 65.0 6.7 "2011-04-03 04:00:00" 3.50154052862 59.0 3.3
50.0 9.2 10.0 65.0 6.7 "2011-04-03 04:00:00" 3.46367644757 59.0 3.2
51.0 6.7 12.0 65.0 7.0 "2011-04-03 04:00:00" 3.47935788024 58.0 3.1
51.0 10.7 14.0 65.0 7.3 "2011-04-03 04:00:00" 3.40706007074 58.0 3.3
52.0 10.1 16.0 64.0 4.3 "2011-04-03 04:00:00" 3.3361350331 58.0 3.2
52.0 9.8 18.0 62.0 4.4 "2011-04-03 04:00:00" 3.47421380174 57.0 2.9
54.0 3.7 20.0 61.0 6.4 "2011-04-03 04:00:00" 3.33308427786 56.0 2.8
54.0 3.3 22.0 61.0 6.4 "2011-04-03 04:00:00" 3.03437240429 56.0 2.6
53.0 3.9 24.0 60.0 3.0 "2011-04-03 04:00:00" 2.94406231233 56.0 2.5
51.0 8.1 26.0 60.0 3.0 "2011-04-03 04:00:00" 2.77247631351 57.0 2.2
51.0 8.1 28.0 63.0 5.0 "2011-04-03 04:00:00" 2.84419615512 57.0 2.1
51.0 8.1 30.0 63.0 5.3 "2011-04-03 04:00:00" 3.53355396615 56.0 2.2
49.0 18.4 166.0 62.0 15.6 "2011-04-03 04:00:00" 13.5542544859 57.0 12.3
54.0 23.9 216.0 66.0 19.7 "2011-04-03 04:00:00" 18.7374474493 62.0 16.9
48.0 19.9 164.0 63.0 15.6 "2011-04-03 04:00:00" 14.0478052378 56.0 14.8
49.0 19.9 162.0 62.0 16.2 "2011-04-03 04:00:00" 15.2478609356 54.0 14.7
48.0 18.9 180.0 69.0 14.8 "2011-04-03 04:00:00" 14.0336987507 63.0 13.4
49.0 18.1 182.0 69.0 14.8 "2011-04-03 04:00:00" 13.9230180514 63.0 13.3
59.0 9.6 272.0 68.0 6.7 "2011-04-03 04:00:00" 5.72407326077 65.0 5.1
61.0 10.6 268.0 69.0 7.4 "2011-04-03 04:00:00" 6.59238449852 66.0 6.2
60.0 10.6 270.0 68.0 6.9 "2011-04-03 04:00:00" 6.62125325813 66.0 6.4
59.0 9.1 274.0 68.0 6.1 "2011-04-03 04:00:00" 5.1113206752 65.0 4.7
61.0 11.9 266.0 70.0 7.4 "2011-04-03 04:00:00" 6.10525735553 67.0 5.8
58.0 10.4 276.0 68.0 5.3 "2011-04-03 04:00:00" 4.88271139137 65.0 4.5
54.0 5.7 338.0 68.0 6.9 "2011-04-03 04:00:00" 3.66283648202 60.0 3.5
55.0 5.7 340.0 68.0 7.4 "2011-04-03 04:00:00" 3.30188447133 60.0 3.4
62.0 11.7 262.0 70.0 8.5 "2011-04-03 04:00:00" 5.85383273868 68.0 4.9
53.0 6.7 336.0 64.0 4.6 "2011-04-03 04:00:00" 3.58410753761 60.0 3.0
47.0 4.9 86.0 59.0 4.4 "2011-04-03 04:00:00" 2.66165840491 51.0 1.5
61.0 5.4 94.0 69.0 4.9 "2011-04-03 04:00:00" 4.78004949536 65.0 4.0
48.0 10.5 96.0 69.0 5.6 "2011-04-03 04:00:00" 5.21195571476 64.0 5.5
47.0 6.1 84.0 57.0 4.4 "2011-04-03 04:00:00" 3.37428128587 51.0 1.4
54.0 5.5 322.0 62.0 8.6 "2011-04-03 04:00:00" 3.55394139393 58.0 2.8
55.0 5.6 324.0 61.0 3.0 "2011-04-03 04:00:00" 3.5213752878 58.0 2.4
55.0 5.8 326.0 63.0 5.1 "2011-04-03 04:00:00" 3.32503818109 59.0 3.2
56.0 6.3 98.0 65.0 5.7 "2011-04-03 04:00:00" 5.07062109726 62.0 4.3
60.0 6.8 280.0 68.0 5.2 "2011-04-03 04:00:00" 4.11621556946 64.0 3.6
59.0 7.3 282.0 68.0 5.2 "2011-04-03 04:00:00" 4.16740675447 64.0 3.6
54.0 5.2 320.0 61.0 3.1 "2011-04-03 04:00:00" 3.66237930374 58.0 3.3
59.0 9.2 278.0 68.0 5.2 "2011-04-03 04:00:00" 4.40827453017 64.0 3.8
58.0 7.6 284.0 66.0 6.2 "2011-04-03 04:00:00" 4.20584056409 62.0 2.8
54.0 6.5 328.0 63.0 5.1 "2011-04-03 04:00:00" 3.88365243421 59.0 4.4
55.0 4.6 334.0 63.0 4.3 "2011-04-03 04:00:00" 3.35808701569 60.0 2.8
57.0 6.2 298.0 65.0 7.6 "2011-04-03 04:00:00" 2.96860903115 61.0 2.7
56.0 6.6 300.0 65.0 7.5 "2011-04-03 04:00:00" 3.49405355884 61.0 3.3
57.0 5.7 296.0 65.0 7.5 "2011-04-03 04:00:00" 2.48545830851 61.0 1.5
55.0 5.2 310.0 67.0 7.3 "2011-04-03 04:00:00" 4.23214391073 59.0 3.9
55.0 5.1 312.0 62.0 7.8 "2011-04-03 04:00:00" 4.37992208356 58.0 4.1
55.0 5.1 314.0 62.0 7.8 "2011-04-03 04:00:00" 4.29454058714 58.0 4.1
56.0 4.9 306.0 63.0 3.8 "2011-04-03 04:00:00" 3.86892888391 60.0 3.5
55.0 5.2 308.0 62.0 5.0 "2011-04-03 04:00:00" 4.1643952045 59.0 3.4
57.0 4.8 292.0 65.0 6.0 "2011-04-03 04:00:00" 2.40208733103 61.0 1.2
57.0 4.8 294.0 65.0 6.7 "2011-04-03 04:00:00" 2.15663692747 61.0 1.1
56.0 9.9 116.0 68.0 7.5 "2011-04-03 04:00:00" 6.62299551222 66.0 6.0
57.0 6.0 290.0 65.0 6.1 "2011-04-03 04:00:00" 2.70776248281 61.0 1.6
56.0 4.8 304.0 68.0 8.9 "2011-04-03 04:00:00" 3.96315474823 60.0 3.7
57.0 6.6 288.0 65.0 6.5 "2011-04-03 04:00:00" 3.49485850795 61.0 2.4
56.0 4.7 302.0 67.0 8.9 "2011-04-03 04:00:00" 3.81995229899 60.0 3.7
58.0 6.6 286.0 65.0 6.7 "2011-04-03 04:00:00" 3.98020902354 61.0 2.6
54.0 8.6 0.0 66.0 8.5 "2011-04-03 04:05:00" 3.84230660415 59.0 3.5
54.0 8.1 2.0 64.0 4.4 "2011-04-03 04:05:00" 3.57743240575 60.0 3.6
52.0 9.4 4.0 64.0 3.3 "2011-04-03 04:05:00" 3.46153323056 60.0 3.6
51.0 9.0 6.0 65.0 6.7 "2011-04-03 04:05:00" 3.46548779121 60.0 3.8
51.0 7.8 8.0 65.0 6.7 "2011-04-03 04:05:00" 3.50154052862 59.0 3.3
50.0 9.2 10.0 65.0 6.7 "2011-04-03 04:05:00" 3.46367644757 59.0 3.2
51.0 6.7 12.0 65.0 7.0 "2011-04-03 04:05:00" 3.47935788024 58.0 3.1
51.0 10.7 14.0 65.0 7.3 "2011-04-03 04:05:00" 3.40706007074 58.0 3.3
52.0 10.1 16.0 64.0 4.3 "2011-04-03 04:05:00" 3.3361350331 58.0 3.2
52.0 9.8 18.0 62.0 4.4 "2011-04-03 04:05:00" 3.47421380174 57.0 2.9
54.0 3.7 20.0 61.0 6.4 "2011-04-03 04:05:00" 3.33308427786 56.0 2.8
54.0 3.3 22.0 61.0 6.4 "2011-04-03 04:05:00" 3.03437240429 56.0 2.6
53.0 3.9 24.0 60.0 3.0 "2011-04-03 04:05:00" 2.94406231233 56.0 2.5
51.0 8.1 26.0 60.0 3.0 "2011-04-03 04:05:00" 2.77247631351 57.0 2.2
51.0 8.1 28.0 63.0 5.0 "2011-04-03 04:05:00" 2.84419615512 57.0 2.1
51.0 8.1 30.0 63.0 5.3 "2011-04-03 04:05:00" 3.53355396615 56.0 2.2
49.0 18.4 166.0 62.0 15.6 "2011-04-03 04:05:00" 13.5542544859 57.0 12.3
54.0 23.9 216.0 66.0 19.7 "2011-04-03 04:05:00" 18.7374474493 62.0 16.9
48.0 19.9 164.0 63.0 15.6 "2011-04-03 04:05:00" 14.0478052378 56.0 14.8
49.0 19.9 162.0 62.0 16.2 "2011-04-03 04:05:00" 15.2478609356 54.0 14.7
48.0 18.9 180.0 69.0 14.8 "2011-04-03 04:05:00" 14.0336987507 63.0 13.4
49.0 18.1 182.0 69.0 14.8 "2011-04-03 04:05:00" 13.9230180514 63.0 13.3
59.0 9.6 272.0 68.0 6.7 "2011-04-03 04:05:00" 5.72407326077 65.0 5.1
61.0 10.6 268.0 69.0 7.4 "2011-04-03 04:05:00" 6.59238449852 66.0 6.2
60.0 10.6 270.0 68.0 6.9 "2011-04-03 04:05:00" 6.62125325813 66.0 6.4
59.0 9.1 274.0 68.0 6.1 "2011-04-03 04:05:00" 5.1113206752 65.0 4.7
61.0 11.9 266.0 70.0 7.4 "2011-04-03 04:05:00" 6.10525735553 67.0 5.8
58.0 10.4 276.0 68.0 5.3 "2011-04-03 04:05:00" 4.88271139137 65.0 4.5
54.0 5.7 338.0 68.0 6.9 "2011-04-03 04:05:00" 3.66283648202 60.0 3.5
55.0 5.7 340.0 68.0 7.4 "2011-04-03 04:05:00" 3.30188447133 60.0 3.4
62.0 11.7 262.0 70.0 8.5 "2011-04-03 04:05:00" 5.85383273868 68.0 4.9
53.0 6.7 336.0 64.0 4.6 "2011-04-03 04:05:00" 3.58410753761 60.0 3.0
47.0 4.9 86.0 59.0 4.4 "2011-04-03 04:05:00" 2.66165840491 51.0 1.5
61.0 5.4 94.0 69.0 4.9 "2011-04-03 04:05:00" 4.78004949536 65.0 4.0
48.0 10.5 96.0 69.0 5.6 "2011-04-03 04:05:00" 5.21195571476 64.0 5.5
47.0 6.1 84.0 57.0 4.4 "2011-04-03 04:05:00" 3.37428128587 51.0 1.4
54.0 5.5 322.0 62.0 8.6 "2011-04-03 04:05:00" 3.55394139393 58.0 2.8
55.0 5.6 324.0 61.0 3.0 "2011-04-03 04:05:00" 3.5213752878 58.0 2.4
55.0 5.8 326.0 63.0 5.1 "2011-04-03 04:05:00" 3.32503818109 59.0 3.2
56.0 6.3 98.0 65.0 5.7 "2011-04-03 04:05:00" 5.07062109726 62.0 4.3
60.0 6.8 280.0 68.0 5.2 "2011-04-03 04:05:00" 4.11621556946 64.0 3.6
59.0 7.3 282.0 68.0 5.2 "2011-04-03 04:05:00" 4.16740675447 64.0 3.6
54.0 5.2 320.0 61.0 3.1 "2011-04-03 04:05:00" 3.66237930374 58.0 3.3
59.0 9.2 278.0 68.0 5.2 "2011-04-03 04:05:00" 4.40827453017 64.0 3.8
58.0 7.6 284.0 66.0 6.2 "2011-04-03 04:05:00" 4.20584056409 62.0 2.8
54.0 6.5 328.0 63.0 5.1 "2011-04-03 04:05:00" 3.88365243421 59.0 4.4
55.0 4.6 334.0 63.0 4.3 "2011-04-03 04:05:00" 3.35808701569 60.0 2.8
57.0 6.2 298.0 65.0 7.6 "2011-04-03 04:05:00" 2.96860903115 61.0 2.7
56.0 6.6 300.0 65.0 7.5 "2011-04-03 04:05:00" 3.49405355884 61.0 3.3
57.0 5.7 296.0 65.0 7.5 "2011-04-03 04:05:00" 2.48545830851 61.0 1.5
55.0 5.2 310.0 67.0 7.3 "2011-04-03 04:05:00" 4.23214391073 59.0 3.9
55.0 5.1 312.0 62.0 7.8 "2011-04-03 04:05:00" 4.37992208356 58.0 4.1
55.0 5.1 314.0 62.0 7.8 "2011-04-03 04:05:00" 4.29454058714 58.0 4.1
56.0 4.9 306.0 63.0 3.8 "2011-04-03 04:05:00" 3.86892888391 60.0 3.5
55.0 5.2 308.0 62.0 5.0 "2011-04-03 04:05:00" 4.1643952045 59.0 3.4
57.0 4.8 292.0 65.0 6.0 "2011-04-03 04:05:00" 2.40208733103 61.0 1.2
57.0 4.8 294.0 65.0 6.7 "2011-04-03 04:05:00" 2.15663692747 61.0 1.1
56.0 9.9 116.0 68.0 7.5 "2011-04-03 04:05:00" 6.62299551222 66.0 6.0
57.0 6.0 290.0 65.0 6.1 "2011-04-03 04:05:00" 2.70776248281 61.0 1.6
56.0 4.8 304.0 68.0 8.9 "2011-04-03 04:05:00" 3.96315474823 60.0 3.7
57.0 6.6 288.0 65.0 6.5 "2011-04-03 04:05:00" 3.49485850795 61.0 2.4
56.0 4.7 302.0 67.0 8.9 "2011-04-03 04:05:00" 3.81995229899 60.0 3.7
58.0 6.6 286.0 65.0 6.7 "2011-04-03 04:05:00" 3.98020902354 61.0 2.6
54.0 8.8 0.0 67.0 8.7 "2011-04-03 04:15:00" 4.43225991381 60.0 4.3
54.0 8.6 2.0 66.0 5.6 "2011-04-03 04:15:00" 4.03366910868 59.0 3.6
53.0 9.4 4.0 64.0 4.6 "2011-04-03 04:15:00" 3.50378126519 60.0 3.4
53.0 8.4 6.0 64.0 4.2 "2011-04-03 04:15:00" 3.21593231035 60.0 3.1
51.0 9.5 8.0 65.0 6.9 "2011-04-03 04:15:00" 3.13702993121 59.0 3.3
50.0 7.5 10.0 65.0 6.9 "2011-04-03 04:15:00" 3.23563570807 59.0 3.3
54.0 5.7 12.0 65.0 7.2 "2011-04-03 04:15:00" 3.84287198696 57.0 2.8
54.0 5.3 14.0 63.0 4.5 "2011-04-03 04:15:00" 3.48246848597 57.0 2.5
51.0 10.7 16.0 64.0 5.1 "2011-04-03 04:15:00" 3.3815391788 57.0 2.5
52.0 5.6 18.0 60.0 5.0 "2011-04-03 04:15:00" 3.56869690212 57.0 3.0
53.0 4.5 20.0 61.0 6.4 "2011-04-03 04:15:00" 3.50911703491 56.0 3.1
53.0 3.4 22.0 61.0 6.4 "2011-04-03 04:15:00" 3.16544581301 56.0 2.6
53.0 3.9 24.0 63.0 8.3 "2011-04-03 04:15:00" 3.21210031454 56.0 2.6
51.0 7.3 26.0 68.0 3.6 "2011-04-03 04:15:00" 2.79547383605 57.0 2.6
52.0 6.2 28.0 60.0 2.9 "2011-04-03 04:15:00" 2.50504580867 57.0 1.8
51.0 7.3 30.0 60.0 3.1 "2011-04-03 04:15:00" 2.62769725236 57.0 1.8
54.0 4.5 32.0 62.0 5.8 "2011-04-03 04:15:00" 3.01189832968 56.0 1.9
53.0 3.9 34.0 59.0 5.3 "2011-04-03 04:15:00" 3.40299688714 55.0 2.8
50.0 15.5 166.0 63.0 15.8 "2011-04-03 04:15:00" 14.4932888635 56.0 13.8
48.0 20.3 164.0 61.0 17.1 "2011-04-03 04:15:00" 15.1181308701 52.0 13.8
47.0 7.9 84.0 58.0 4.5 "2011-04-03 04:15:00" 3.79335342879 51.0 1.8
48.0 20.3 162.0 62.0 16.9 "2011-04-03 04:15:00" 16.0869616624 52.0 14.0
59.0 9.2 272.0 68.0 6.1 "2011-04-03 04:15:00" 5.07803148328 65.0 4.6
60.0 11.4 268.0 69.0 6.7 "2011-04-03 04:15:00" 6.0035323564 66.0 5.6
60.0 9.7 270.0 68.0 6.4 "2011-04-03 04:15:00" 5.76914570242 65.0 5.0
59.0 8.6 274.0 68.0 5.3 "2011-04-03 04:15:00" 4.62593143305 65.0 4.4
61.0 11.1 266.0 69.0 6.1 "2011-04-03 04:15:00" 5.89110091978 67.0 5.6
58.0 9.2 276.0 68.0 4.9 "2011-04-03 04:15:00" 4.15784026325 64.0 3.8
47.0 5.9 88.0 64.0 4.0 "2011-04-03 04:15:00" 4.2376786061 62.0 5.5
55.0 5.6 340.0 68.0 9.2 "2011-04-03 04:15:00" 3.44695588405 59.0 2.7
59.0 6.2 98.0 65.0 5.5 "2011-04-03 04:15:00" 5.03992998783 63.0 4.5
62.0 11.2 262.0 69.0 7.1 "2011-04-03 04:15:00" 5.86671982454 67.0 4.6
61.0 15.3 264.0 69.0 6.5 "2011-04-03 04:15:00" 5.93720482139 67.0 5.1
54.0 6.0 338.0 63.0 4.2 "2011-04-03 04:15:00" 3.54159855163 59.0 3.0
48.0 6.8 90.0 58.0 4.9 "2011-04-03 04:15:00" 4.08538504633 52.0 2.3
59.0 5.9 94.0 69.0 4.8 "2011-04-03 04:15:00" 4.72107829411 66.0 4.9
54.0 5.4 324.0 62.0 5.0 "2011-04-03 04:15:00" 3.29578253294 59.0 2.9
55.0 4.9 326.0 62.0 4.8 "2011-04-03 04:15:00" 3.26434308439 59.0 2.9
54.0 4.9 322.0 62.0 8.0 "2011-04-03 04:15:00" 3.4923098795 58.0 2.8
61.0 8.1 112.0 68.0 7.2 "2011-04-03 04:15:00" 6.55532744716 66.0 6.3
58.0 9.1 282.0 66.0 4.2 "2011-04-03 04:15:00" 3.64764022884 63.0 3.2
58.0 7.8 284.0 66.0 4.7 "2011-04-03 04:15:00" 3.64477013413 63.0 3.2
58.0 6.6 286.0 65.0 5.5 "2011-04-03 04:15:00" 3.63459742132 62.0 2.4
53.0 5.3 320.0 61.0 3.2 "2011-04-03 04:15:00" 3.68520098372 58.0 3.2
54.0 6.0 328.0 63.0 4.8 "2011-04-03 04:15:00" 3.56026534862 59.0 3.3
59.0 8.0 278.0 68.0 4.6 "2011-04-03 04:15:00" 3.99248586605 64.0 3.6
58.0 9.9 280.0 68.0 4.6 "2011-04-03 04:15:00" 3.80926200292 64.0 3.5
54.0 5.8 336.0 63.0 4.2 "2011-04-03 04:15:00" 3.17774740396 60.0 2.7
56.0 4.5 316.0 63.0 9.3 "2011-04-03 04:15:00" 3.88351965278 59.0 3.5
53.0 4.9 318.0 67.0 4.7 "2011-04-03 04:15:00" 3.64716911286 60.0 3.4
55.0 4.5 310.0 66.0 5.3 "2011-04-03 04:15:00" 3.80188179834 59.0 3.6
58.0 4.4 312.0 63.0 2.9 "2011-04-03 04:15:00" 3.85314161087 61.0 3.2
56.0 4.5 314.0 63.0 8.7 "2011-04-03 04:15:00" 3.97067619741 59.0 3.8
55.0 4.6 308.0 62.0 4.6 "2011-04-03 04:15:00" 3.80711360765 59.0 3.4
56.0 5.9 292.0 64.0 6.9 "2011-04-03 04:15:00" 2.69469565518 60.0 1.8
55.0 4.5 306.0 63.0 3.7 "2011-04-03 04:15:00" 3.75692952021 59.0 3.4
57.0 5.9 290.0 63.0 6.3 "2011-04-03 04:15:00" 3.5440515475 60.0 2.3
56.0 5.2 294.0 64.0 7.1 "2011-04-03 04:15:00" 2.2911393706 60.0 1.1
57.0 6.6 288.0 64.0 6.3 "2011-04-03 04:15:00" 3.56273487678 61.0 2.5
55.0 4.5 304.0 67.0 8.8 "2011-04-03 04:15:00" 3.6692506928 60.0 3.7
55.0 5.9 302.0 65.0 7.1 "2011-04-03 04:15:00" 3.58110365615 60.0 3.6
56.0 5.4 300.0 64.0 4.9 "2011-04-03 04:15:00" 3.04623801391 60.0 3.1
56.0 5.9 298.0 64.0 4.9 "2011-04-03 04:15:00" 2.56930950748 60.0 2.3
56.0 5.1 296.0 64.0 5.0 "2011-04-03 04:15:00" 2.05656257463 61.0 1.1
54.0 8.6 0.0 63.0 9.7 "2011-04-03 04:25:00" 4.80676125858 59.0 4.4
54.0 9.0 2.0 61.0 9.6 "2011-04-03 04:25:00" 5.26153080279 58.0 4.1
53.0 9.2 4.0 61.0 9.6 "2011-04-03 04:25:00" 5.14191577222 58.0 4.0
53.0 8.7 6.0 64.0 5.0 "2011-04-03 04:25:00" 3.6719380594 60.0 3.2
53.0 8.6 8.0 64.0 5.3 "2011-04-03 04:25:00" 3.53661571566 60.0 3.2
53.0 8.6 10.0 63.0 4.4 "2011-04-03 04:25:00" 3.47263153673 59.0 3.2
54.0 6.1 12.0 65.0 7.3 "2011-04-03 04:25:00" 3.29700170693 59.0 3.3
54.0 4.9 14.0 64.0 7.3 "2011-04-03 04:25:00" 3.06066380802 57.0 2.5
53.0 5.0 16.0 61.0 6.1 "2011-04-03 04:25:00" 3.16906304439 57.0 2.3
53.0 4.8 18.0 61.0 6.6 "2011-04-03 04:25:00" 3.18444174892 57.0 2.2
53.0 4.8 20.0 60.0 5.8 "2011-04-03 04:25:00" 3.30893355493 56.0 2.5
53.0 4.7 22.0 60.0 5.8 "2011-04-03 04:25:00" 3.23940288022 56.0 2.3
53.0 5.5 24.0 62.0 8.9 "2011-04-03 04:25:00" 3.46411327262 56.0 2.4
52.0 6.7 26.0 59.0 3.0 "2011-04-03 04:25:00" 3.5771493461 57.0 2.8
52.0 6.7 28.0 69.0 4.4 "2011-04-03 04:25:00" 3.13348493919 57.0 2.3
52.0 5.9 30.0 63.0 5.6 "2011-04-03 04:25:00" 3.07040948593 56.0 1.9
47.0 27.1 226.0 63.0 24.9 "2011-04-03 04:25:00" 23.253418029 60.0 21.4
54.0 4.5 32.0 60.0 3.7 "2011-04-03 04:25:00" 3.07397713318 57.0 2.2
64.0 4.1 40.0 70.0 4.4 "2011-04-03 04:25:00" 2.60827250817 67.0 1.7
48.0 16.8 164.0 60.0 18.6 "2011-04-03 04:25:00" 15.4323404353 55.0 13.5
48.0 21.6 174.0 69.0 15.6 "2011-04-03 04:25:00" 15.1222458707 66.0 14.8
45.0 21.5 208.0 68.0 19.8 "2011-04-03 04:25:00" 18.3391476696 58.0 17.2
54.0 23.9 232.0 61.0 24.9 "2011-04-03 04:25:00" 23.3758770666 57.0 22.3
48.0 21.4 176.0 69.0 15.6 "2011-04-03 04:25:00" 15.040146856 66.0 14.7
49.0 20.3 162.0 61.0 18.2 "2011-04-03 04:25:00" 16.9533891092 52.0 14.7
55.0 18.3 206.0 68.0 19.6 "2011-04-03 04:25:00" 18.6820647237 57.0 18.3
60.0 10.7 268.0 69.0 5.8 "2011-04-03 04:25:00" 5.65060542329 66.0 5.4
60.0 8.8 270.0 68.0 5.7 "2011-04-03 04:25:00" 5.47014608674 65.0 5.0
58.0 9.6 272.0 68.0 5.7 "2011-04-03 04:25:00" 4.87212853176 65.0 4.2
58.0 9.7 274.0 68.0 5.1 "2011-04-03 04:25:00" 4.37100527886 65.0 4.1
58.0 6.7 100.0 64.0 6.7 "2011-04-03 04:25:00" 5.62038897202 62.0 5.0
58.0 9.1 276.0 68.0 4.3 "2011-04-03 04:25:00" 4.01113152059 64.0 3.7
60.0 13.0 266.0 70.0 5.8 "2011-04-03 04:25:00" 5.62895641345 67.0 5.5
47.0 7.0 88.0 63.0 6.0 "2011-04-03 04:25:00" 4.51770029215 52.0 2.8
59.0 6.6 98.0 65.0 5.7 "2011-04-03 04:25:00" 5.23387553641 63.0 5.0
61.0 12.6 264.0 70.0 6.1 "2011-04-03 04:25:00" 5.80344502269 67.0 5.5
55.0 5.4 340.0 67.0 11.2 "2011-04-03 04:25:00" 3.62380429526 58.0 3.0
54.0 6.3 338.0 68.0 11.2 "2011-04-03 04:25:00" 3.67773974757 59.0 2.8
62.0 11.6 262.0 70.0 7.1 "2011-04-03 04:25:00" 5.92133247966 67.0 5.5
55.0 4.7 326.0 63.0 4.5 "2011-04-03 04:25:00" 3.01984203298 59.0 2.5
54.0 4.7 324.0 63.0 6.9 "2011-04-03 04:25:00" 3.2022598735 59.0 2.7
56.0 4.5 328.0 63.0 3.7 "2011-04-03 04:25:00" 3.10288665526 60.0 2.3
48.0 6.9 90.0 65.0 4.0 "2011-04-03 04:25:00" 3.61506956928 63.0 2.4
58.0 8.0 278.0 68.0 4.1 "2011-04-03 04:25:00" 3.60966167206 64.0 3.1
58.0 8.1 282.0 67.0 4.0 "2011-04-03 04:25:00" 3.43559739443 63.0 3.0
58.0 7.6 284.0 66.0 4.2 "2011-04-03 04:25:00" 3.38566798546 63.0 2.9
58.0 6.0 286.0 66.0 4.5 "2011-04-03 04:25:00" 3.32831742827 62.0 2.8
53.0 5.0 320.0 68.0 7.7 "2011-04-03 04:25:00" 3.53825235825 60.0 3.1
53.0 4.9 322.0 63.0 7.2 "2011-04-03 04:25:00" 3.29980681729 59.0 2.9
54.0 4.3 318.0 67.0 8.2 "2011-04-03 04:25:00" 3.64503784061 58.0 3.6
54.0 4.2 310.0 66.0 5.7 "2011-04-03 04:25:00" 3.30123601244 59.0 3.3
53.0 4.3 312.0 64.0 7.8 "2011-04-03 04:25:00" 3.50863068912 58.0 3.3
53.0 4.4 314.0 65.0 5.7 "2011-04-03 04:25:00" 3.66909444626 58.0 3.4
54.0 4.3 316.0 64.0 7.8 "2011-04-03 04:25:00" 3.52705792398 59.0 3.6
56.0 4.5 330.0 69.0 7.8 "2011-04-03 04:25:00" 4.28284244201 59.0 4.0
54.0 6.2 336.0 63.0 3.4 "2011-04-03 04:25:00" 3.20101378803 61.0 3.3
55.0 4.9 332.0 70.0 8.4 "2011-04-03 04:25:00" 3.15172346168 60.0 2.4
56.0 6.5 290.0 64.0 6.1 "2011-04-03 04:25:00" 3.56342643453 61.0 3.0
57.0 6.6 288.0 66.0 5.1 "2011-04-03 04:25:00" 3.47640138139 62.0 2.9
56.0 6.1 292.0 63.0 5.7 "2011-04-03 04:25:00" 3.33270533951 60.0 2.4
55.0 4.7 304.0 65.0 7.1 "2011-04-03 04:25:00" 3.17268285447 59.0 2.8
55.0 4.2 306.0 64.0 3.3 "2011-04-03 04:25:00" 3.26799962807 59.0 3.0
55.0 5.3 302.0 64.0 6.7 "2011-04-03 04:25:00" 2.92652452427 59.0 2.4
55.0 5.3 300.0 64.0 5.1 "2011-04-03 04:25:00" 2.64293250752 59.0 1.7
55.0 5.4 298.0 63.0 4.8 "2011-04-03 04:25:00" 2.48160404726 59.0 1.5
56.0 4.1 296.0 63.0 5.1 "2011-04-03 04:25:00" 2.25392641159 60.0 0.8
56.0 5.1 294.0 63.0 5.7 "2011-04-03 04:25:00" 2.28377187339 60.0 1.2
64.0 4.1 42.0 70.0 4.1 "2011-04-03 04:25:00" 2.57326231304 68.0 1.8
58.0 7.8 280.0 69.0 4.5 "2011-04-03 04:25:00" 3.46687144847 64.0 3.1
53.0 9.2 0.0 62.0 9.3 "2011-04-03 04:35:00" 4.83419239042 58.0 4.1
54.0 8.6 2.0 62.0 9.5 "2011-04-03 04:35:00" 4.81706869243 58.0 3.9
54.0 8.6 4.0 66.0 10.6 "2011-04-03 04:35:00" 4.6223715375 58.0 3.6
54.0 8.4 6.0 66.0 10.0 "2011-04-03 04:35:00" 4.86976742532 58.0 3.5
52.0 8.9 8.0 67.0 7.6 "2011-04-03 04:35:00" 5.1327226294 57.0 3.6
52.0 8.9 10.0 67.0 7.0 "2011-04-03 04:35:00" 5.04390541391 58.0 3.6
53.0 7.7 12.0 64.0 6.7 "2011-04-03 04:35:00" 5.56780719965 58.0 4.1
53.0 9.2 14.0 66.0 7.5 "2011-04-03 04:35:00" 5.26650506921 58.0 4.5
53.0 9.8 16.0 66.0 7.5 "2011-04-03 04:35:00" 5.11618404437 58.0 4.5
54.0 8.3 18.0 62.0 6.0 "2011-04-03 04:35:00" 4.29413849439 57.0 2.4
54.0 4.7 20.0 61.0 6.5 "2011-04-03 04:35:00" 3.26296400971 57.0 2.3
54.0 4.5 22.0 62.0 6.4 "2011-04-03 04:35:00" 3.17535785185 57.0 2.2
53.0 4.0 24.0 62.0 6.7 "2011-04-03 04:35:00" 3.04079234095 56.0 2.2
52.0 5.2 26.0 63.0 7.5 "2011-04-03 04:35:00" 3.04547464293 56.0 2.4
51.0 2.8 64.0 64.0 3.2 "2011-04-03 04:35:00" 2.12168648548 53.0 1.4
47.0 3.5 66.0 64.0 3.3 "2011-04-03 04:35:00" 2.91153813357 53.0 2.7
47.0 25.4 226.0 62.0 26.5 "2011-04-03 04:35:00" 24.1547826196 60.0 22.5
53.0 5.5 28.0 62.0 6.0 "2011-04-03 04:35:00" 2.93670486662 57.0 2.2
48.0 2.9 62.0 63.0 4.2 "2011-04-03 04:35:00" 2.28419353062 52.0 1.4
53.0 19.3 210.0 65.0 21.9 "2011-04-03 04:35:00" 18.9915260777 55.0 18.8
47.0 25.4 224.0 62.0 26.5 "2011-04-03 04:35:00" 23.0214049635 59.0 21.9
52.0 5.7 30.0 62.0 6.0 "2011-04-03 04:35:00" 3.14615453568 58.0 1.6
55.0 18.5 208.0 66.0 21.9 "2011-04-03 04:35:00" 18.1401011132 58.0 17.0
54.0 6.1 338.0 67.0 8.8 "2011-04-03 04:35:00" 4.07716331828 59.0 3.4
54.0 6.2 340.0 67.0 9.0 "2011-04-03 04:35:00" 3.90406493702 59.0 3.0
55.0 5.4 32.0 63.0 6.0 "2011-04-03 04:35:00" 4.52248014833 60.0 3.6
54.0 5.6 336.0 67.0 8.8 "2011-04-03 04:35:00" 3.68572743552 59.0 3.2
62.0 11.7 260.0 69.0 6.0 "2011-04-03 04:35:00" 5.41041780268 67.0 5.2
61.0 12.5 262.0 69.0 5.6 "2011-04-03 04:35:00" 5.3460114114 67.0 5.4
61.0 11.7 264.0 69.0 5.6 "2011-04-03 04:35:00" 5.45879175813 67.0 5.4
58.0 11.9 272.0 68.0 5.6 "2011-04-03 04:35:00" 4.88735094516 65.0 4.5
58.0 10.5 274.0 67.0 6.2 "2011-04-03 04:35:00" 4.72405164255 64.0 4.3
64.0 6.1 98.0 70.0 5.4 "2011-04-03 04:35:00" 5.39429035389 67.0 5.5
52.0 11.2 100.0 63.0 7.0 "2011-04-03 04:35:00" 5.94684788263 61.0 5.4
57.0 9.1 102.0 64.0 8.2 "2011-04-03 04:35:00" 6.94148160174 61.0 5.6
59.0 10.8 270.0 68.0 5.4 "2011-04-03 04:35:00" 5.04267051594 65.0 4.9
59.0 7.8 276.0 68.0 7.6 "2011-04-03 04:35:00" 4.17865221787 64.0 3.9
59.0 12.1 268.0 69.0 5.5 "2011-04-03 04:35:00" 5.09393390198 66.0 5.0
55.0 6.2 82.0 70.0 2.7 "2011-04-03 04:35:00" 2.61727739609 68.0 2.9
60.0 11.7 266.0 69.0 5.6 "2011-04-03 04:35:00" 5.22297935125 67.0 5.0
52.0 5.0 324.0 65.0 6.8 "2011-04-03 04:35:00" 2.74486801038 59.0 2.5
50.0 6.7 326.0 65.0 6.8 "2011-04-03 04:35:00" 2.71624860599 60.0 2.3
56.0 3.5 328.0 65.0 4.4 "2011-04-03 04:35:00" 2.54261654572 60.0 2.0
59.0 7.8 278.0 69.0 4.9 "2011-04-03 04:35:00" 4.01897638525 64.0 3.9
53.0 5.5 320.0 66.0 7.6 "2011-04-03 04:35:00" 3.03463331088 58.0 2.8
54.0 5.0 318.0 66.0 7.6 "2011-04-03 04:35:00" 3.03661560239 59.0 3.1
53.0 5.1 322.0 66.0 6.4 "2011-04-03 04:35:00" 2.95210500485 58.0 2.7
57.0 3.5 330.0 67.0 6.2 "2011-04-03 04:35:00" 2.52266626698 60.0 2.0
47.0 7.0 90.0 59.0 5.7 "2011-04-03 04:35:00" 5.33526017468 52.0 4.5
48.0 13.2 96.0 69.0 5.5 "2011-04-03 04:35:00" 5.37640393292 66.0 5.0
56.0 4.3 332.0 68.0 6.2 "2011-04-03 04:35:00" 3.04089526603 59.0 2.5
55.0 4.5 316.0 66.0 7.6 "2011-04-03 04:35:00" 3.05819623526 59.0 2.8
55.0 4.5 314.0 66.0 6.7 "2011-04-03 04:35:00" 2.86642289109 59.0 2.5
55.0 4.5 312.0 66.0 5.9 "2011-04-03 04:35:00" 2.6601991988 59.0 2.4
55.0 4.0 310.0 64.0 3.1 "2011-04-03 04:35:00" 2.63394000717 59.0 2.3
55.0 4.3 304.0 66.0 3.6 "2011-04-03 04:35:00" 2.36538182035 59.0 1.3
55.0 4.1 306.0 66.0 3.4 "2011-04-03 04:35:00" 2.64215567032 60.0 2.5
55.0 4.1 308.0 63.0 3.1 "2011-04-03 04:35:00" 2.64840932593 60.0 2.6
55.0 4.3 302.0 66.0 3.6 "2011-04-03 04:35:00" 2.31514414676 59.0 1.4
55.0 4.2 300.0 65.0 3.5 "2011-04-03 04:35:00" 2.42006285863 59.0 1.2
55.0 4.3 298.0 65.0 4.2 "2011-04-03 04:35:00" 2.88034364669 59.0 0.8
56.0 4.2 296.0 62.0 4.1 "2011-04-03 04:35:00" 3.0656960567 59.0 2.1
56.0 4.9 294.0 67.0 5.6 "2011-04-03 04:35:00" 3.21590339123 60.0 2.6
56.0 5.0 292.0 67.0 5.2 "2011-04-03 04:35:00" 3.33876331713 61.0 3.1
56.0 5.7 290.0 68.0 4.8 "2011-04-03 04:35:00" 3.34239177801 62.0 3.3
57.0 5.3 288.0 68.0 4.6 "2011-04-03 04:35:00" 3.29054826779 62.0 3.3
57.0 7.1 286.0 68.0 4.5 "2011-04-03 04:35:00" 3.37361229536 62.0 3.5
58.0 8.4 280.0 69.0 3.8 "2011-04-03 04:35:00" 3.17630350331 65.0 2.6
57.0 8.6 282.0 68.0 3.9 "2011-04-03 04:35:00" 3.24477864766 64.0 2.7
57.0 7.2 284.0 68.0 4.2 "2011-04-03 04:35:00" 3.38136551001 63.0 3.4
54.0 5.4 34.0 62.0 6.4 "2011-04-03 04:35:00" 5.0188766643 58.0 4.9
53.0 8.9 0.0 63.0 9.3 "2011-04-03 04:45:00" 4.9855483823 58.0 4.0
53.0 8.7 2.0 63.0 9.3 "2011-04-03 04:45:00" 5.43922079484 57.0 4.3
54.0 8.1 4.0 66.0 9.8 "2011-04-03 04:45:00" 4.63999401081 58.0 3.5
54.0 7.8 6.0 65.0 9.8 "2011-04-03 04:45:00" 4.4640075588 58.0 3.2
53.0 7.6 8.0 65.0 9.9 "2011-04-03 04:45:00" 5.27452227982 57.0 3.6
53.0 7.6 10.0 66.0 9.9 "2011-04-03 04:45:00" 5.23334862805 57.0 3.6
52.0 8.1 12.0 64.0 6.7 "2011-04-03 04:45:00" 4.93497324457 58.0 3.7
53.0 8.1 14.0 62.0 5.8 "2011-04-03 04:45:00" 5.08228914299 58.0 3.8
54.0 8.3 16.0 66.0 7.2 "2011-04-03 04:45:00" 5.13154782745 58.0 4.2
53.0 9.5 18.0 61.0 5.8 "2011-04-03 04:45:00" 5.0303584796 58.0 4.4
54.0 7.7 20.0 61.0 6.2 "2011-04-03 04:45:00" 5.22758477678 57.0 3.5
53.0 5.7 22.0 62.0 6.9 "2011-04-03 04:45:00" 4.7831610371 56.0 3.4
52.0 5.4 24.0 62.0 7.0 "2011-04-03 04:45:00" 4.52291952783 56.0 2.4
52.0 5.4 26.0 63.0 7.5 "2011-04-03 04:45:00" 3.85237812935 55.0 2.7
52.0 5.4 28.0 63.0 6.1 "2011-04-03 04:45:00" 4.37451839047 55.0 3.4
52.0 5.6 30.0 62.0 5.3 "2011-04-03 04:45:00" 4.26747870439 56.0 3.4
49.0 3.3 62.0 61.0 4.4 "2011-04-03 04:45:00" 2.21185052702 52.0 1.5
46.0 26.5 226.0 62.0 27.3 "2011-04-03 04:45:00" 25.4276171808 48.0 25.3
52.0 4.9 32.0 63.0 5.7 "2011-04-03 04:45:00" 4.45409209249 59.0 4.9
54.0 19.4 210.0 59.0 16.8 "2011-04-03 04:45:00" 19.0758938193 56.0 18.9
45.0 28.7 214.0 68.0 22.7 "2011-04-03 04:45:00" 21.7749798792 54.0 19.6
47.0 23.6 222.0 62.0 23.4 "2011-04-03 04:45:00" 22.3510846477 60.0 20.5
46.0 26.6 224.0 62.0 27.1 "2011-04-03 04:45:00" 23.7657996543 59.0 20.5
51.0 5.7 34.0 61.0 5.1 "2011-04-03 04:45:00" 5.0151968612 54.0 4.8
54.0 6.0 338.0 63.0 7.2 "2011-04-03 04:45:00" 3.77777823659 59.0 3.1
55.0 6.0 340.0 62.0 7.1 "2011-04-03 04:45:00" 4.07624486912 59.0 3.1
47.0 13.4 98.0 69.0 5.5 "2011-04-03 04:45:00" 5.41685416932 67.0 5.5
61.0 11.5 262.0 69.0 5.1 "2011-04-03 04:45:00" 4.79813924666 67.0 4.9
60.0 13.4 264.0 69.0 5.1 "2011-04-03 04:45:00" 4.99467995129 67.0 5.1
60.0 10.4 266.0 69.0 5.2 "2011-04-03 04:45:00" 5.0747579729 67.0 4.9
59.0 9.9 270.0 69.0 5.3 "2011-04-03 04:45:00" 4.30019403727 66.0 4.2
58.0 11.5 272.0 68.0 5.2 "2011-04-03 04:45:00" 4.46255522494 65.0 4.3
58.0 10.5 274.0 68.0 7.3 "2011-04-03 04:45:00" 4.58424191348 64.0 4.2
59.0 8.3 276.0 68.0 3.8 "2011-04-03 04:45:00" 3.91398415703 65.0 3.7
51.0 19.8 164.0 59.0 18.8 "2011-04-03 04:45:00" 16.7463769361 54.0 14.7
61.0 12.8 260.0 69.0 6.5 "2011-04-03 04:45:00" 5.09656914729 67.0 4.2
59.0 11.2 268.0 69.0 5.3 "2011-04-03 04:45:00" 4.79942425076 66.0 4.6
59.0 6.8 96.0 69.0 5.5 "2011-04-03 04:45:00" 5.49646653712 67.0 5.8
62.0 11.6 258.0 70.0 6.5 "2011-04-03 04:45:00" 5.53398583569 67.0 5.1
54.0 4.5 324.0 67.0 6.9 "2011-04-03 04:45:00" 2.7365861389 59.0 2.4
50.0 6.3 326.0 67.0 6.7 "2011-04-03 04:45:00" 2.72259127998 59.0 2.4
50.0 7.8 328.0 67.0 5.6 "2011-04-03 04:45:00" 2.59605293303 60.0 2.2
52.0 6.0 330.0 66.0 4.8 "2011-04-03 04:45:00" 2.45606482707 61.0 2.1
59.0 7.4 278.0 69.0 4.9 "2011-04-03 04:45:00" 3.54275788922 65.0 3.2
54.0 4.6 318.0 66.0 3.1 "2011-04-03 04:45:00" 3.03597021025 58.0 2.5
54.0 4.5 320.0 66.0 4.2 "2011-04-03 04:45:00" 2.92449830715 59.0 2.8
54.0 4.3 322.0 67.0 7.7 "2011-04-03 04:45:00" 2.75167523938 59.0 2.5
58.0 7.9 280.0 68.0 4.1 "2011-04-03 04:45:00" 3.21165789067 65.0 2.7
53.0 5.8 332.0 67.0 5.2 "2011-04-03 04:45:00" 2.68197688672 60.0 2.2
55.0 5.0 336.0 66.0 6.5 "2011-04-03 04:45:00" 3.30377291996 59.0 2.7
55.0 4.4 316.0 67.0 6.3 "2011-04-03 04:45:00" 2.91729515328 60.0 2.7
56.0 4.0 314.0 67.0 6.3 "2011-04-03 04:45:00" 2.77074808004 60.0 2.5
56.0 4.0 312.0 67.0 3.9 "2011-04-03 04:45:00" 2.71987200522 60.0 2.4
55.0 4.2 310.0 65.0 3.3 "2011-04-03 04:45:00" 2.73684531123 60.0 2.6
55.0 3.8 304.0 62.0 4.0 "2011-04-03 04:45:00" 2.3970611432 59.0 1.4
55.0 3.7 306.0 67.0 5.8 "2011-04-03 04:45:00" 2.66897276075 59.0 1.7
54.0 4.3 308.0 60.0 4.8 "2011-04-03 04:45:00" 3.21792190948 58.0 2.6
56.0 3.5 302.0 62.0 6.9 "2011-04-03 04:45:00" 2.55608121993 59.0 1.5
55.0 4.3 300.0 61.0 4.3 "2011-04-03 04:45:00" 3.63256235995 58.0 2.9
55.0 4.6 298.0 65.0 4.6 "2011-04-03 04:45:00" 3.44515960132 59.0 2.7
55.0 5.4 294.0 67.0 6.2 "2011-04-03 04:45:00" 3.34785307383 60.0 2.7
55.0 5.4 296.0 67.0 6.5 "2011-04-03 04:45:00" 3.39463368812 59.0 2.6
56.0 4.9 292.0 67.0 5.6 "2011-04-03 04:45:00" 3.41013664486 60.0 2.7
57.0 4.8 290.0 68.0 5.9 "2011-04-03 04:45:00" 3.22559928423 61.0 3.1
58.0 7.3 282.0 68.0 4.2 "2011-04-03 04:45:00" 3.52596180197 65.0 2.8
57.0 7.6 284.0 68.0 4.4 "2011-04-03 04:45:00" 3.96018612127 65.0 3.4
57.0 4.9 288.0 68.0 4.9 "2011-04-03 04:45:00" 3.46425860081 61.0 3.4
63.0 5.2 286.0 68.0 4.9 "2011-04-03 04:45:00" 4.01211859964 65.0 3.4
53.0 8.9 0.0 63.0 9.3 "2011-04-03 04:50:00" 4.9855483823 58.0 4.0
53.0 8.7 2.0 63.0 9.3 "2011-04-03 04:50:00" 5.43922079484 57.0 4.3
54.0 8.1 4.0 66.0 9.8 "2011-04-03 04:50:00" 4.63999401081 58.0 3.5
54.0 7.8 6.0 65.0 9.8 "2011-04-03 04:50:00" 4.4640075588 58.0 3.2
53.0 7.6 8.0 65.0 9.9 "2011-04-03 04:50:00" 5.27452227982 57.0 3.6
53.0 7.6 10.0 66.0 9.9 "2011-04-03 04:50:00" 5.23334862805 57.0 3.6
52.0 8.1 12.0 64.0 6.7 "2011-04-03 04:50:00" 4.93497324457 58.0 3.7
53.0 8.1 14.0 62.0 5.8 "2011-04-03 04:50:00" 5.08228914299 58.0 3.8
54.0 8.3 16.0 66.0 7.2 "2011-04-03 04:50:00" 5.13154782745 58.0 4.2
53.0 9.5 18.0 61.0 5.8 "2011-04-03 04:50:00" 5.0303584796 58.0 4.4
54.0 7.7 20.0 61.0 6.2 "2011-04-03 04:50:00" 5.22758477678 57.0 3.5
53.0 5.7 22.0 62.0 6.9 "2011-04-03 04:50:00" 4.7831610371 56.0 3.4
52.0 5.4 24.0 62.0 7.0 "2011-04-03 04:50:00" 4.52291952783 56.0 2.4
52.0 5.4 26.0 63.0 7.5 "2011-04-03 04:50:00" 3.85237812935 55.0 2.7
52.0 5.4 28.0 63.0 6.1 "2011-04-03 04:50:00" 4.37451839047 55.0 3.4
52.0 5.6 30.0 62.0 5.3 "2011-04-03 04:50:00" 4.26747870439 56.0 3.4
49.0 3.3 62.0 61.0 4.4 "2011-04-03 04:50:00" 2.21185052702 52.0 1.5
46.0 26.5 226.0 62.0 27.3 "2011-04-03 04:50:00" 25.4276171808 48.0 25.3
52.0 4.9 32.0 63.0 5.7 "2011-04-03 04:50:00" 4.45409209249 59.0 4.9
54.0 19.4 210.0 59.0 16.8 "2011-04-03 04:50:00" 19.0758938193 56.0 18.9
45.0 28.7 214.0 68.0 22.7 "2011-04-03 04:50:00" 21.7749798792 54.0 19.6
47.0 23.6 222.0 62.0 23.4 "2011-04-03 04:50:00" 22.3510846477 60.0 20.5
46.0 26.6 224.0 62.0 27.1 "2011-04-03 04:50:00" 23.7657996543 59.0 20.5
51.0 5.7 34.0 61.0 5.1 "2011-04-03 04:50:00" 5.0151968612 54.0 4.8
54.0 6.0 338.0 63.0 7.2 "2011-04-03 04:50:00" 3.77777823659 59.0 3.1
55.0 6.0 340.0 62.0 7.1 "2011-04-03 04:50:00" 4.07624486912 59.0 3.1
47.0 13.4 98.0 69.0 5.5 "2011-04-03 04:50:00" 5.41685416932 67.0 5.5
61.0 11.5 262.0 69.0 5.1 "2011-04-03 04:50:00" 4.79813924666 67.0 4.9
60.0 13.4 264.0 69.0 5.1 "2011-04-03 04:50:00" 4.99467995129 67.0 5.1
60.0 10.4 266.0 69.0 5.2 "2011-04-03 04:50:00" 5.0747579729 67.0 4.9
59.0 9.9 270.0 69.0 5.3 "2011-04-03 04:50:00" 4.30019403727 66.0 4.2
58.0 11.5 272.0 68.0 5.2 "2011-04-03 04:50:00" 4.46255522494 65.0 4.3
58.0 10.5 274.0 68.0 7.3 "2011-04-03 04:50:00" 4.58424191348 64.0 4.2
59.0 8.3 276.0 68.0 3.8 "2011-04-03 04:50:00" 3.91398415703 65.0 3.7
51.0 19.8 164.0 59.0 18.8 "2011-04-03 04:50:00" 16.7463769361 54.0 14.7
61.0 12.8 260.0 69.0 6.5 "2011-04-03 04:50:00" 5.09656914729 67.0 4.2
59.0 11.2 268.0 69.0 5.3 "2011-04-03 04:50:00" 4.79942425076 66.0 4.6
59.0 6.8 96.0 69.0 5.5 "2011-04-03 04:50:00" 5.49646653712 67.0 5.8
62.0 11.6 258.0 70.0 6.5 "2011-04-03 04:50:00" 5.53398583569 67.0 5.1
54.0 4.5 324.0 67.0 6.9 "2011-04-03 04:50:00" 2.7365861389 59.0 2.4
50.0 6.3 326.0 67.0 6.7 "2011-04-03 04:50:00" 2.72259127998 59.0 2.4
50.0 7.8 328.0 67.0 5.6 "2011-04-03 04:50:00" 2.59605293303 60.0 2.2
52.0 6.0 330.0 66.0 4.8 "2011-04-03 04:50:00" 2.45606482707 61.0 2.1
59.0 7.4 278.0 69.0 4.9 "2011-04-03 04:50:00" 3.54275788922 65.0 3.2
54.0 4.6 318.0 66.0 3.1 "2011-04-03 04:50:00" 3.03597021025 58.0 2.5
54.0 4.5 320.0 66.0 4.2 "2011-04-03 04:50:00" 2.92449830715 59.0 2.8
54.0 4.3 322.0 67.0 7.7 "2011-04-03 04:50:00" 2.75167523938 59.0 2.5
58.0 7.9 280.0 68.0 4.1 "2011-04-03 04:50:00" 3.21165789067 65.0 2.7
53.0 5.8 332.0 67.0 5.2 "2011-04-03 04:50:00" 2.68197688672 60.0 2.2
55.0 5.0 336.0 66.0 6.5 "2011-04-03 04:50:00" 3.30377291996 59.0 2.7
55.0 4.4 316.0 67.0 6.3 "2011-04-03 04:50:00" 2.91729515328 60.0 2.7
56.0 4.0 314.0 67.0 6.3 "2011-04-03 04:50:00" 2.77074808004 60.0 2.5
56.0 4.0 312.0 67.0 3.9 "2011-04-03 04:50:00" 2.71987200522 60.0 2.4
55.0 4.2 310.0 65.0 3.3 "2011-04-03 04:50:00" 2.73684531123 60.0 2.6
55.0 3.8 304.0 62.0 4.0 "2011-04-03 04:50:00" 2.3970611432 59.0 1.4
55.0 3.7 306.0 67.0 5.8 "2011-04-03 04:50:00" 2.66897276075 59.0 1.7
54.0 4.3 308.0 60.0 4.8 "2011-04-03 04:50:00" 3.21792190948 58.0 2.6
56.0 3.5 302.0 62.0 6.9 "2011-04-03 04:50:00" 2.55608121993 59.0 1.5
55.0 4.3 300.0 61.0 4.3 "2011-04-03 04:50:00" 3.63256235995 58.0 2.9
55.0 4.6 298.0 65.0 4.6 "2011-04-03 04:50:00" 3.44515960132 59.0 2.7
55.0 5.4 294.0 67.0 6.2 "2011-04-03 04:50:00" 3.34785307383 60.0 2.7
55.0 5.4 296.0 67.0 6.5 "2011-04-03 04:50:00" 3.39463368812 59.0 2.6
56.0 4.9 292.0 67.0 5.6 "2011-04-03 04:50:00" 3.41013664486 60.0 2.7
57.0 4.8 290.0 68.0 5.9 "2011-04-03 04:50:00" 3.22559928423 61.0 3.1
58.0 7.3 282.0 68.0 4.2 "2011-04-03 04:50:00" 3.52596180197 65.0 2.8
57.0 7.6 284.0 68.0 4.4 "2011-04-03 04:50:00" 3.96018612127 65.0 3.4
57.0 4.9 288.0 68.0 4.9 "2011-04-03 04:50:00" 3.46425860081 61.0 3.4
63.0 5.2 286.0 68.0 4.9 "2011-04-03 04:50:00" 4.01211859964 65.0 3.4
53.0 8.3 0.0 63.0 6.3 "2011-04-03 05:00:00" 3.99313950405 58.0 3.0
53.0 8.5 2.0 63.0 6.3 "2011-04-03 05:00:00" 4.49420770507 58.0 3.5
54.0 7.1 4.0 66.0 9.0 "2011-04-03 05:00:00" 4.41954625239 58.0 3.4
54.0 7.1 6.0 66.0 8.7 "2011-04-03 05:00:00" 4.13830143817 58.0 3.4
54.0 7.0 8.0 66.0 8.7 "2011-04-03 05:00:00" 4.19867688811 58.0 3.2
53.0 7.1 10.0 67.0 6.0 "2011-04-03 05:00:00" 4.3822028752 58.0 3.5
52.0 7.5 12.0 63.0 6.6 "2011-04-03 05:00:00" 4.58718418879 58.0 3.6
52.0 8.6 14.0 61.0 5.6 "2011-04-03 05:00:00" 4.69188011674 58.0 3.5
53.0 8.6 16.0 61.0 5.6 "2011-04-03 05:00:00" 4.76277223578 58.0 3.7
52.0 5.8 24.0 63.0 6.9 "2011-04-03 05:00:00" 4.39909403365 56.0 2.4
53.0 5.7 26.0 62.0 5.5 "2011-04-03 05:00:00" 3.91734836599 56.0 2.4
51.0 7.3 28.0 62.0 5.3 "2011-04-03 05:00:00" 4.61241148391 56.0 2.4
52.0 4.9 30.0 62.0 5.4 "2011-04-03 05:00:00" 4.6093886144 54.0 4.1
49.0 3.6 64.0 60.0 4.4 "2011-04-03 05:00:00" 1.8833555348 52.0 1.2
47.0 2.8 66.0 60.0 4.3 "2011-04-03 05:00:00" 1.70878970359 51.0 1.4
47.0 2.8 68.0 52.0 2.5 "2011-04-03 05:00:00" 2.13217880684 50.0 1.5
45.0 26.4 228.0 61.0 26.7 "2011-04-03 05:00:00" 25.4383699889 50.0 24.1
51.0 5.8 32.0 63.0 5.8 "2011-04-03 05:00:00" 5.09971374875 54.0 4.7
51.0 5.8 34.0 62.0 5.4 "2011-04-03 05:00:00" 5.13763396633 54.0 4.9
58.0 9.7 274.0 69.0 3.8 "2011-04-03 05:00:00" 3.90627519156 66.0 3.6
59.0 7.6 276.0 69.0 3.8 "2011-04-03 05:00:00" 3.62264748346 65.0 3.2
45.0 4.3 58.0 59.0 5.0 "2011-04-03 05:00:00" 2.8536337587 52.0 1.4
48.0 3.6 60.0 58.0 5.0 "2011-04-03 05:00:00" 2.66975755806 51.0 1.4
49.0 3.6 62.0 60.0 4.4 "2011-04-03 05:00:00" 2.60111752764 52.0 1.4
58.0 10.4 272.0 69.0 5.1 "2011-04-03 05:00:00" 3.81447945656 66.0 3.4
59.0 6.9 278.0 68.0 4.1 "2011-04-03 05:00:00" 3.40916661332 65.0 3.0
58.0 10.9 270.0 69.0 5.1 "2011-04-03 05:00:00" 3.94799218808 65.0 3.9
56.0 5.2 338.0 64.0 2.8 "2011-04-03 05:00:00" 3.23657474313 60.0 2.5
55.0 6.0 340.0 62.0 4.2 "2011-04-03 05:00:00" 3.53863789634 59.0 2.6
60.0 13.8 262.0 69.0 5.2 "2011-04-03 05:00:00" 4.12381658574 66.0 3.5
60.0 10.5 264.0 69.0 5.8 "2011-04-03 05:00:00" 4.63233238246 66.0 4.3
59.0 11.2 266.0 69.0 6.4 "2011-04-03 05:00:00" 4.69521739261 66.0 4.5
57.0 4.4 336.0 66.0 6.0 "2011-04-03 05:00:00" 2.80579354331 61.0 2.4
61.0 11.1 260.0 69.0 7.8 "2011-04-03 05:00:00" 4.66918667703 66.0 3.5
47.0 12.2 96.0 70.0 5.6 "2011-04-03 05:00:00" 5.73880788318 66.0 5.9
59.0 10.4 268.0 69.0 6.4 "2011-04-03 05:00:00" 4.53241180536 66.0 4.4
54.0 4.5 320.0 61.0 3.6 "2011-04-03 05:00:00" 2.78376971137 58.0 2.7
55.0 4.0 322.0 67.0 3.4 "2011-04-03 05:00:00" 2.80843592627 59.0 2.4
49.0 5.6 324.0 67.0 3.4 "2011-04-03 05:00:00" 3.09443927677 59.0 2.8
50.0 5.8 326.0 67.0 3.4 "2011-04-03 05:00:00" 3.36746590954 60.0 3.3
56.0 4.1 328.0 67.0 5.1 "2011-04-03 05:00:00" 3.01067232908 61.0 2.9
57.0 16.2 186.0 67.0 16.1 "2011-04-03 05:00:00" 14.5953222726 64.0 13.3
58.0 7.8 280.0 68.0 4.4 "2011-04-03 05:00:00" 3.52650070324 64.0 3.0
56.0 4.9 332.0 66.0 3.8 "2011-04-03 05:00:00" 2.78125722946 61.0 2.3
55.0 3.9 318.0 61.0 4.1 "2011-04-03 05:00:00" 2.77643705713 58.0 2.4
55.0 4.0 316.0 61.0 5.2 "2011-04-03 05:00:00" 3.15637559162 58.0 2.4
56.0 4.3 330.0 67.0 5.2 "2011-04-03 05:00:00" 2.62690936062 60.0 2.0
55.0 4.0 312.0 61.0 6.4 "2011-04-03 05:00:00" 3.35063862331 58.0 2.7
55.0 4.0 314.0 60.0 2.5 "2011-04-03 05:00:00" 3.38475066142 58.0 2.8
54.0 4.1 310.0 66.0 3.8 "2011-04-03 05:00:00" 3.33277776481 60.0 3.6
54.0 4.0 308.0 60.0 4.8 "2011-04-03 05:00:00" 3.47026873581 58.0 2.8
57.0 4.4 334.0 66.0 4.7 "2011-04-03 05:00:00" 2.7145827275 61.0 2.3
55.0 3.5 304.0 63.0 4.0 "2011-04-03 05:00:00" 2.55304733386 59.0 1.1
54.0 3.8 306.0 66.0 6.2 "2011-04-03 05:00:00" 2.82870501772 58.0 2.0
55.0 4.3 300.0 68.0 6.8 "2011-04-03 05:00:00" 3.56627227064 58.0 3.2
55.0 3.9 302.0 63.0 4.0 "2011-04-03 05:00:00" 2.90255593629 59.0 2.9
50.0 18.9 164.0 57.0 19.2 "2011-04-03 05:00:00" 17.2729853464 54.0 15.3
55.0 4.5 298.0 62.0 4.2 "2011-04-03 05:00:00" 3.37400373518 59.0 2.9
55.0 5.1 296.0 66.0 5.2 "2011-04-03 05:00:00" 2.9649912259 59.0 2.1
55.0 5.0 294.0 64.0 4.5 "2011-04-03 05:00:00" 2.94412976749 59.0 2.1
56.0 5.0 292.0 63.0 4.5 "2011-04-03 05:00:00" 3.24342388418 60.0 2.1
57.0 5.0 290.0 63.0 4.9 "2011-04-03 05:00:00" 3.34860492234 60.0 2.0
58.0 7.3 282.0 68.0 4.4 "2011-04-03 05:00:00" 3.71593131248 65.0 3.3
64.0 6.0 284.0 69.0 5.4 "2011-04-03 05:00:00" 4.24131566637 66.0 3.4
63.0 5.1 286.0 69.0 5.8 "2011-04-03 05:00:00" 4.29787658474 65.0 3.8
57.0 5.1 288.0 62.0 5.2 "2011-04-03 05:00:00" 3.74163426285 60.0 2.1
62.0 14.1 250.0 70.0 8.1 "2011-04-03 05:00:00" 7.13500407335 68.0 6.7
54.0 6.4 0.0 63.0 5.9 "2011-04-03 05:10:00" 3.73253068331 58.0 2.8
53.0 7.7 2.0 63.0 5.8 "2011-04-03 05:10:00" 3.78110772515 58.0 3.0
53.0 7.2 4.0 62.0 4.9 "2011-04-03 05:10:00" 3.91784854304 58.0 3.4
53.0 6.8 6.0 67.0 6.7 "2011-04-03 05:10:00" 4.10966651239 58.0 3.4
54.0 6.3 8.0 68.0 6.7 "2011-04-03 05:10:00" 4.06673211718 58.0 3.4
54.0 6.2 10.0 60.0 4.7 "2011-04-03 05:10:00" 4.26426849813 57.0 3.4
51.0 7.5 12.0 63.0 5.2 "2011-04-03 05:10:00" 4.31636385095 58.0 3.3
52.0 7.5 14.0 62.0 5.2 "2011-04-03 05:10:00" 4.34091947494 58.0 3.5
53.0 7.6 16.0 63.0 5.2 "2011-04-03 05:10:00" 4.36712920354 58.0 3.5
54.0 5.6 18.0 65.0 6.1 "2011-04-03 05:10:00" 4.38261563903 57.0 3.7
53.0 6.8 22.0 62.0 5.9 "2011-04-03 05:10:00" 4.66510777211 56.0 3.2
52.0 6.2 24.0 61.0 5.9 "2011-04-03 05:10:00" 4.35126348643 57.0 3.0
50.0 8.8 26.0 62.0 6.2 "2011-04-03 05:10:00" 3.99762191216 57.0 2.4
52.0 5.6 28.0 61.0 5.3 "2011-04-03 05:10:00" 4.97356276208 59.0 5.4
46.0 2.4 66.0 58.0 5.3 "2011-04-03 05:10:00" 2.21221336343 49.0 1.8
51.0 2.9 68.0 58.0 5.3 "2011-04-03 05:10:00" 2.32992360518 53.0 1.4
45.0 3.9 70.0 51.0 3.0 "2011-04-03 05:10:00" 2.38482535644 48.0 1.7
46.0 26.1 224.0 62.0 26.7 "2011-04-03 05:10:00" 24.4165815895 59.0 23.4
61.0 17.1 248.0 70.0 8.0 "2011-04-03 05:10:00" 7.13870077036 68.0 6.7
58.0 8.1 274.0 68.0 3.7 "2011-04-03 05:10:00" 3.35690611546 65.0 3.1
58.0 7.9 276.0 68.0 3.9 "2011-04-03 05:10:00" 3.31361519348 65.0 2.9
59.0 7.0 278.0 68.0 4.3 "2011-04-03 05:10:00" 3.43750356903 64.0 3.0
58.0 8.8 272.0 68.0 3.7 "2011-04-03 05:10:00" 3.33171275778 65.0 3.0
56.0 5.3 340.0 64.0 2.9 "2011-04-03 05:10:00" 2.87677567579 61.0 2.4
60.0 11.0 262.0 69.0 6.7 "2011-04-03 05:10:00" 4.22507079949 66.0 3.7
59.0 12.5 264.0 69.0 6.0 "2011-04-03 05:10:00" 4.00421295672 66.0 3.5
59.0 10.7 266.0 69.0 6.0 "2011-04-03 05:10:00" 4.06166864937 66.0 3.5
56.0 4.8 338.0 67.0 6.7 "2011-04-03 05:10:00" 2.6876430027 61.0 2.4
60.0 14.1 260.0 69.0 8.2 "2011-04-03 05:10:00" 4.65846010525 66.0 3.8
59.0 9.2 268.0 68.0 4.0 "2011-04-03 05:10:00" 3.93198509589 65.0 3.5
58.0 10.8 270.0 68.0 3.8 "2011-04-03 05:10:00" 3.47607375944 65.0 3.1
54.0 14.5 126.0 68.0 12.1 "2011-04-03 05:10:00" 11.7951017156 65.0 10.8
53.0 14.8 128.0 68.0 12.2 "2011-04-03 05:10:00" 11.4730700188 65.0 10.7
55.0 3.6 320.0 61.0 6.6 "2011-04-03 05:10:00" 2.7926642501 58.0 2.1
54.0 3.7 322.0 61.0 6.2 "2011-04-03 05:10:00" 2.85525946235 58.0 2.4
50.0 5.4 324.0 67.0 3.4 "2011-04-03 05:10:00" 2.72949286682 60.0 2.6
57.0 4.6 334.0 66.0 4.3 "2011-04-03 05:10:00" 2.88522418686 61.0 2.5
56.0 4.9 336.0 66.0 4.3 "2011-04-03 05:10:00" 2.68453205293 61.0 2.5
50.0 6.4 326.0 67.0 3.6 "2011-04-03 05:10:00" 2.69463683112 61.0 2.6
61.0 11.6 258.0 69.0 5.2 "2011-04-03 05:10:00" 4.5372483569 67.0 3.8
59.0 6.1 280.0 68.0 4.3 "2011-04-03 05:10:00" 3.5280108585 64.0 3.2
55.0 4.0 314.0 61.0 6.4 "2011-04-03 05:10:00" 3.13839911305 58.0 2.4
55.0 3.9 316.0 62.0 7.1 "2011-04-03 05:10:00" 2.96167001852 58.0 1.8
55.0 3.8 318.0 62.0 7.1 "2011-04-03 05:10:00" 2.81875982335 58.0 1.8
61.0 12.7 256.0 69.0 7.0 "2011-04-03 05:10:00" 5.09830938345 66.0 4.0
56.0 4.6 330.0 66.0 3.7 "2011-04-03 05:10:00" 2.62503559647 60.0 1.2
56.0 4.9 332.0 67.0 6.6 "2011-04-03 05:10:00" 2.88280589141 61.0 2.5
56.0 4.2 328.0 65.0 3.4 "2011-04-03 05:10:00" 2.66692783541 61.0 2.6
55.0 3.8 312.0 69.0 7.3 "2011-04-03 05:10:00" 3.06576972926 58.0 2.8
54.0 3.9 310.0 66.0 9.4 "2011-04-03 05:10:00" 3.24424062006 58.0 3.3
55.0 3.3 304.0 62.0 3.8 "2011-04-03 05:10:00" 2.5420932456 59.0 0.9
54.0 3.5 306.0 66.0 9.4 "2011-04-03 05:10:00" 2.73567496952 58.0 2.0
54.0 3.8 308.0 66.0 9.4 "2011-04-03 05:10:00" 3.21320612312 58.0 2.9
55.0 4.0 300.0 63.0 4.3 "2011-04-03 05:10:00" 2.78533343981 59.0 2.4
55.0 3.7 302.0 66.0 4.5 "2011-04-03 05:10:00" 2.89259055702 59.0 2.4
55.0 4.3 298.0 62.0 4.2 "2011-04-03 05:10:00" 2.59657738656 59.0 2.1
55.0 4.6 296.0 62.0 4.2 "2011-04-03 05:10:00" 2.62606765564 59.0 1.9
56.0 4.5 294.0 63.0 4.2 "2011-04-03 05:10:00" 2.74179448993 59.0 1.7
56.0 4.8 292.0 63.0 4.2 "2011-04-03 05:10:00" 2.91786968471 60.0 2.0
56.0 5.7 288.0 62.0 5.1 "2011-04-03 05:10:00" 4.12747740078 60.0 3.3
57.0 4.6 290.0 62.0 5.1 "2011-04-03 05:10:00" 3.27114374385 60.0 2.1
57.0 5.8 286.0 68.0 4.8 "2011-04-03 05:10:00" 3.95739343108 61.0 3.8
57.0 6.8 284.0 68.0 4.8 "2011-04-03 05:10:00" 3.79405810681 65.0 3.5
61.0 14.1 254.0 69.0 6.7 "2011-04-03 05:10:00" 5.34885618407 67.0 4.2
61.0 15.4 250.0 69.0 7.4 "2011-04-03 05:10:00" 7.12748830716 67.0 6.6
61.0 14.8 252.0 69.0 7.3 "2011-04-03 05:10:00" 6.23966824644 67.0 5.0
58.0 6.4 282.0 68.0 4.4 "2011-04-03 05:10:00" 3.56905269142 64.0 3.3
53.0 7.1 0.0 65.0 7.6 "2011-04-03 05:20:00" 3.6788463793 59.0 3.2
53.0 6.8 2.0 64.0 5.2 "2011-04-03 05:20:00" 3.59363030705 58.0 2.7
52.0 7.7 4.0 61.0 4.2 "2011-04-03 05:20:00" 3.42379488647 58.0 2.7
53.0 7.0 6.0 61.0 4.2 "2011-04-03 05:20:00" 3.24319916788 58.0 2.5
53.0 6.0 8.0 62.0 4.5 "2011-04-03 05:20:00" 3.54625816699 57.0 2.9
50.0 6.2 10.0 66.0 7.4 "2011-04-03 05:20:00" 3.8356510767 57.0 3.4
50.0 5.9 12.0 62.0 5.8 "2011-04-03 05:20:00" 3.87970252974 57.0 3.2
49.0 11.4 14.0 62.0 5.8 "2011-04-03 05:20:00" 4.00733479224 57.0 2.7
51.0 9.4 16.0 62.0 5.9 "2011-04-03 05:20:00" 4.03739985348 57.0 2.9
47.0 10.4 18.0 65.0 5.8 "2011-04-03 05:20:00" 3.93023133788 56.0 3.3
49.0 9.0 20.0 59.0 4.7 "2011-04-03 05:20:00" 3.90378001829 56.0 3.2
50.0 9.0 22.0 59.0 4.7 "2011-04-03 05:20:00" 3.79971704011 56.0 3.2
52.0 6.6 24.0 59.0 4.3 "2011-04-03 05:20:00" 4.01439369202 56.0 3.2
52.0 6.6 26.0 59.0 4.3 "2011-04-03 05:20:00" 4.15138564573 56.0 3.5
48.0 8.9 28.0 58.0 4.4 "2011-04-03 05:20:00" 4.10544749247 55.0 2.5
47.0 9.2 30.0 64.0 5.9 "2011-04-03 05:20:00" 5.14700217781 54.0 3.6
52.0 5.1 34.0 69.0 4.8 "2011-04-03 05:20:00" 4.49373821744 67.0 4.2
47.0 7.9 36.0 70.0 4.9 "2011-04-03 05:20:00" 4.52320356622 67.0 4.2
51.0 17.0 148.0 66.0 15.4 "2011-04-03 05:20:00" 15.1088777398 64.0 15.4
57.0 7.5 280.0 69.0 4.4 "2011-04-03 05:20:00" 3.52020212886 64.0 3.7
57.0 6.7 282.0 68.0 4.1 "2011-04-03 05:20:00" 3.49166652031 64.0 3.6
57.0 7.5 278.0 68.0 4.3 "2011-04-03 05:20:00" 3.47479868718 64.0 3.6
57.0 6.4 284.0 68.0 4.1 "2011-04-03 05:20:00" 3.4925401512 64.0 3.6
58.0 10.4 268.0 69.0 7.9 "2011-04-03 05:20:00" 4.04134094165 65.0 3.6
58.0 9.2 270.0 68.0 3.8 "2011-04-03 05:20:00" 3.37171755585 65.0 3.1
58.0 7.8 272.0 67.0 3.8 "2011-04-03 05:20:00" 2.98261598033 64.0 2.6
59.0 9.8 264.0 69.0 6.9 "2011-04-03 05:20:00" 3.95550934957 65.0 3.6
58.0 11.1 266.0 69.0 7.9 "2011-04-03 05:20:00" 4.23720113628 65.0 3.7
64.0 6.0 48.0 70.0 3.5 "2011-04-03 05:20:00" 4.53261836184 68.0 4.1
59.0 12.0 262.0 69.0 6.8 "2011-04-03 05:20:00" 3.90388473092 66.0 3.1
60.0 10.0 260.0 68.0 8.3 "2011-04-03 05:20:00" 5.02375723851 65.0 4.4
57.0 7.9 274.0 68.0 4.1 "2011-04-03 05:20:00" 3.00738970312 64.0 2.6
57.0 7.5 276.0 68.0 4.3 "2011-04-03 05:20:00" 3.25180567952 63.0 3.0
60.0 11.4 258.0 68.0 8.8 "2011-04-03 05:20:00" 5.34678598132 65.0 4.4
55.0 3.6 316.0 61.0 1.9 "2011-04-03 05:20:00" 2.2852642152 58.0 1.6
55.0 4.0 318.0 61.0 1.9 "2011-04-03 05:20:00" 2.26978237892 58.0 1.6
56.0 3.2 308.0 65.0 8.0 "2011-04-03 05:20:00" 2.51795421976 59.0 2.1
56.0 3.3 310.0 65.0 3.8 "2011-04-03 05:20:00" 2.46318720733 60.0 1.9
56.0 3.5 312.0 65.0 3.8 "2011-04-03 05:20:00" 2.73614168454 60.0 1.9
56.0 3.4 314.0 65.0 3.7 "2011-04-03 05:20:00" 2.29984867719 59.0 1.4
55.0 3.3 320.0 60.0 1.6 "2011-04-03 05:20:00" 2.47326413386 58.0 1.5
55.0 3.0 306.0 62.0 2.5 "2011-04-03 05:20:00" 2.49523258985 59.0 1.9
55.0 3.6 302.0 63.0 5.3 "2011-04-03 05:20:00" 2.59534160084 59.0 2.1
54.0 3.6 304.0 63.0 5.6 "2011-04-03 05:20:00" 2.56273385006 59.0 2.0
56.0 3.9 298.0 62.0 4.4 "2011-04-03 05:20:00" 2.67650263062 59.0 1.5
55.0 3.9 300.0 64.0 5.1 "2011-04-03 05:20:00" 2.53126895069 59.0 2.0
56.0 4.2 296.0 61.0 4.9 "2011-04-03 05:20:00" 2.79702270374 59.0 1.5
55.0 4.3 294.0 62.0 4.4 "2011-04-03 05:20:00" 3.0630922824 59.0 1.8
56.0 4.3 292.0 63.0 4.1 "2011-04-03 05:20:00" 3.53264186666 60.0 2.3
56.0 4.6 290.0 68.0 5.9 "2011-04-03 05:20:00" 3.90546695484 60.0 3.3
56.0 5.4 288.0 68.0 5.1 "2011-04-03 05:20:00" 3.80983227533 60.0 3.3
61.0 13.5 252.0 69.0 8.3 "2011-04-03 05:20:00" 6.59176788219 66.0 5.9
61.0 11.7 254.0 69.0 8.0 "2011-04-03 05:20:00" 5.5970013226 66.0 4.3
60.0 13.5 256.0 69.0 8.2 "2011-04-03 05:20:00" 5.37701539516 66.0 4.0
57.0 5.8 286.0 68.0 4.7 "2011-04-03 05:20:00" 3.50765278143 63.0 3.6
61.0 15.6 248.0 69.0 6.9 "2011-04-03 05:20:00" 6.63629525611 67.0 6.1
61.0 14.5 250.0 69.0 8.4 "2011-04-03 05:20:00" 6.75318093389 66.0 6.1
54.0 6.4 0.0 65.0 9.2 "2011-04-03 05:30:00" 3.98825782059 57.0 2.6
53.0 6.4 2.0 64.0 5.0 "2011-04-03 05:30:00" 3.17480990105 58.0 1.6
51.0 8.2 4.0 64.0 4.9 "2011-04-03 05:30:00" 3.40457786732 58.0 2.4
53.0 6.8 6.0 62.0 4.4 "2011-04-03 05:30:00" 3.29018082875 58.0 2.4
53.0 6.2 8.0 61.0 4.1 "2011-04-03 05:30:00" 3.09303731688 57.0 2.2
52.0 6.2 10.0 61.0 4.2 "2011-04-03 05:30:00" 3.18455876003 57.0 2.4
49.0 7.4 12.0 62.0 4.9 "2011-04-03 05:30:00" 3.36861584854 57.0 2.8
48.0 9.9 14.0 62.0 5.8 "2011-04-03 05:30:00" 3.53598860047 57.0 2.6
48.0 9.3 16.0 65.0 6.1 "2011-04-03 05:30:00" 3.69682323072 56.0 2.7
49.0 8.3 18.0 64.0 6.1 "2011-04-03 05:30:00" 3.55087729938 56.0 2.7
50.0 8.1 20.0 63.0 5.8 "2011-04-03 05:30:00" 3.66224440529 56.0 2.8
51.0 7.7 22.0 59.0 4.5 "2011-04-03 05:30:00" 3.62038273704 56.0 3.1
52.0 6.9 24.0 58.0 4.2 "2011-04-03 05:30:00" 3.70786254535 56.0 2.9
52.0 6.4 26.0 63.0 6.0 "2011-04-03 05:30:00" 4.53946582909 55.0 2.8
50.0 8.0 28.0 63.0 5.9 "2011-04-03 05:30:00" 4.7385653603 54.0 3.9
49.0 22.4 218.0 64.0 25.4 "2011-04-03 05:30:00" 22.0544526328 51.0 22.3
46.0 25.1 224.0 60.0 27.6 "2011-04-03 05:30:00" 21.8079568551 49.0 18.5
46.0 24.1 222.0 61.0 26.6 "2011-04-03 05:30:00" 20.0901702018 49.0 18.5
49.0 20.9 160.0 64.0 19.3 "2011-04-03 05:30:00" 18.9816334051 62.0 19.3
57.0 5.6 282.0 68.0 4.0 "2011-04-03 05:30:00" 3.38442190644 64.0 3.7
57.0 6.7 278.0 68.0 4.1 "2011-04-03 05:30:00" 2.97753185163 64.0 2.7
57.0 6.3 280.0 68.0 4.1 "2011-04-03 05:30:00" 3.33598144362 64.0 3.7
58.0 8.0 270.0 68.0 3.7 "2011-04-03 05:30:00" 3.34814754042 65.0 3.1
58.0 10.5 266.0 69.0 6.5 "2011-04-03 05:30:00" 4.04409330984 65.0 3.7
58.0 8.9 268.0 69.0 4.9 "2011-04-03 05:30:00" 3.89839673656 65.0 3.8
57.0 8.2 272.0 68.0 3.9 "2011-04-03 05:30:00" 2.99724894655 64.0 2.7
58.0 12.5 264.0 69.0 6.5 "2011-04-03 05:30:00" 3.95219966035 66.0 3.4
55.0 5.2 338.0 66.0 3.1 "2011-04-03 05:30:00" 3.04024995106 62.0 3.1
59.0 11.5 262.0 69.0 6.9 "2011-04-03 05:30:00" 4.13750772663 66.0 3.4
59.0 12.5 260.0 68.0 6.9 "2011-04-03 05:30:00" 4.93436458826 65.0 4.5
57.0 7.6 274.0 68.0 4.1 "2011-04-03 05:30:00" 3.00096040237 64.0 2.7
57.0 7.1 276.0 68.0 4.1 "2011-04-03 05:30:00" 2.98283592452 64.0 2.7
54.0 3.2 322.0 63.0 3.1 "2011-04-03 05:30:00" 2.12269308271 59.0 1.9
53.0 3.8 324.0 63.0 3.2 "2011-04-03 05:30:00" 2.09669642845 59.0 1.9
52.0 4.8 326.0 63.0 3.1 "2011-04-03 05:30:00" 2.11827702919 59.0 1.9
55.0 5.2 330.0 68.0 4.0 "2011-04-03 05:30:00" 2.93179165323 61.0 3.0
55.0 5.2 332.0 68.0 3.9 "2011-04-03 05:30:00" 2.98398889954 60.0 2.3
55.0 5.3 334.0 66.0 3.7 "2011-04-03 05:30:00" 2.98163697831 60.0 2.0
60.0 10.0 258.0 68.0 8.0 "2011-04-03 05:30:00" 5.3542639475 65.0 4.9
56.0 3.4 316.0 63.0 4.8 "2011-04-03 05:30:00" 2.36728812072 59.0 1.4
55.0 3.9 318.0 60.0 2.1 "2011-04-03 05:30:00" 2.87190460406 57.0 2.3
55.0 3.3 320.0 60.0 2.1 "2011-04-03 05:30:00" 2.71406123367 57.0 2.3
56.0 2.9 308.0 62.0 2.9 "2011-04-03 05:30:00" 2.36960538028 59.0 1.8
55.0 3.2 310.0 62.0 7.1 "2011-04-03 05:30:00" 2.46736512393 58.0 2.3
56.0 3.5 312.0 69.0 7.0 "2011-04-03 05:30:00" 3.08994818276 59.0 2.3
56.0 3.5 314.0 64.0 4.0 "2011-04-03 05:30:00" 2.68365984857 59.0 2.1
51.0 6.6 328.0 68.0 4.0 "2011-04-03 05:30:00" 2.59871307571 61.0 2.2
53.0 3.8 304.0 63.0 5.5 "2011-04-03 05:30:00" 2.4509662307 58.0 2.4
55.0 3.9 300.0 65.0 5.7 "2011-04-03 05:30:00" 2.90514550371 59.0 2.4
54.0 3.9 302.0 63.0 5.5 "2011-04-03 05:30:00" 2.77543455099 58.0 2.4
56.0 3.8 298.0 62.0 4.6 "2011-04-03 05:30:00" 2.62373882147 58.0 1.3
60.0 14.7 250.0 69.0 7.9 "2011-04-03 05:30:00" 6.74628983045 66.0 6.3
56.0 3.8 296.0 61.0 4.9 "2011-04-03 05:30:00" 2.59509143307 59.0 1.2
54.0 4.5 294.0 61.0 4.9 "2011-04-03 05:30:00" 3.68370984299 58.0 3.6
55.0 4.3 292.0 63.0 4.3 "2011-04-03 05:30:00" 3.62529028116 60.0 3.1
56.0 4.6 290.0 68.0 6.6 "2011-04-03 05:30:00" 3.48488519529 60.0 3.0
60.0 13.4 254.0 69.0 7.9 "2011-04-03 05:30:00" 5.56576001016 66.0 4.7
57.0 4.2 288.0 68.0 5.4 "2011-04-03 05:30:00" 3.30232523033 60.0 2.7
60.0 14.5 252.0 69.0 7.9 "2011-04-03 05:30:00" 6.4849251483 66.0 5.9
60.0 12.7 256.0 69.0 8.1 "2011-04-03 05:30:00" 5.18381518107 66.0 4.3
57.0 5.4 284.0 69.0 4.4 "2011-04-03 05:30:00" 3.38581171771 62.0 3.4
57.0 5.1 286.0 63.0 3.7 "2011-04-03 05:30:00" 3.29156298484 61.0 2.7
54.0 6.4 0.0 65.0 9.2 "2011-04-03 05:35:00" 3.98825782059 57.0 2.6
53.0 6.4 2.0 64.0 5.0 "2011-04-03 05:35:00" 3.17480990105 58.0 1.6
51.0 8.2 4.0 64.0 4.9 "2011-04-03 05:35:00" 3.40457786732 58.0 2.4
53.0 6.8 6.0 62.0 4.4 "2011-04-03 05:35:00" 3.29018082875 58.0 2.4
53.0 6.2 8.0 61.0 4.1 "2011-04-03 05:35:00" 3.09303731688 57.0 2.2
52.0 6.2 10.0 61.0 4.2 "2011-04-03 05:35:00" 3.18455876003 57.0 2.4
49.0 7.4 12.0 62.0 4.9 "2011-04-03 05:35:00" 3.36861584854 57.0 2.8
48.0 9.9 14.0 62.0 5.8 "2011-04-03 05:35:00" 3.53598860047 57.0 2.6
48.0 9.3 16.0 65.0 6.1 "2011-04-03 05:35:00" 3.69682323072 56.0 2.7
49.0 8.3 18.0 64.0 6.1 "2011-04-03 05:35:00" 3.55087729938 56.0 2.7
50.0 8.1 20.0 63.0 5.8 "2011-04-03 05:35:00" 3.66224440529 56.0 2.8
51.0 7.7 22.0 59.0 4.5 "2011-04-03 05:35:00" 3.62038273704 56.0 3.1
52.0 6.9 24.0 58.0 4.2 "2011-04-03 05:35:00" 3.70786254535 56.0 2.9
52.0 6.4 26.0 63.0 6.0 "2011-04-03 05:35:00" 4.53946582909 55.0 2.8
50.0 8.0 28.0 63.0 5.9 "2011-04-03 05:35:00" 4.7385653603 54.0 3.9
49.0 22.4 218.0 64.0 25.4 "2011-04-03 05:35:00" 22.0544526328 51.0 22.3
46.0 25.1 224.0 60.0 27.6 "2011-04-03 05:35:00" 21.8079568551 49.0 18.5
46.0 24.1 222.0 61.0 26.6 "2011-04-03 05:35:00" 20.0901702018 49.0 18.5
49.0 20.9 160.0 64.0 19.3 "2011-04-03 05:35:00" 18.9816334051 62.0 19.3
57.0 5.6 282.0 68.0 4.0 "2011-04-03 05:35:00" 3.38442190644 64.0 3.7
57.0 6.7 278.0 68.0 4.1 "2011-04-03 05:35:00" 2.97753185163 64.0 2.7
57.0 6.3 280.0 68.0 4.1 "2011-04-03 05:35:00" 3.33598144362 64.0 3.7
58.0 8.0 270.0 68.0 3.7 "2011-04-03 05:35:00" 3.34814754042 65.0 3.1
58.0 10.5 266.0 69.0 6.5 "2011-04-03 05:35:00" 4.04409330984 65.0 3.7
58.0 8.9 268.0 69.0 4.9 "2011-04-03 05:35:00" 3.89839673656 65.0 3.8
57.0 8.2 272.0 68.0 3.9 "2011-04-03 05:35:00" 2.99724894655 64.0 2.7
58.0 12.5 264.0 69.0 6.5 "2011-04-03 05:35:00" 3.95219966035 66.0 3.4
55.0 5.2 338.0 66.0 3.1 "2011-04-03 05:35:00" 3.04024995106 62.0 3.1
59.0 11.5 262.0 69.0 6.9 "2011-04-03 05:35:00" 4.13750772663 66.0 3.4
59.0 12.5 260.0 68.0 6.9 "2011-04-03 05:35:00" 4.93436458826 65.0 4.5
57.0 7.6 274.0 68.0 4.1 "2011-04-03 05:35:00" 3.00096040237 64.0 2.7
57.0 7.1 276.0 68.0 4.1 "2011-04-03 05:35:00" 2.98283592452 64.0 2.7
54.0 3.2 322.0 63.0 3.1 "2011-04-03 05:35:00" 2.12269308271 59.0 1.9
53.0 3.8 324.0 63.0 3.2 "2011-04-03 05:35:00" 2.09669642845 59.0 1.9
52.0 4.8 326.0 63.0 3.1 "2011-04-03 05:35:00" 2.11827702919 59.0 1.9
55.0 5.2 330.0 68.0 4.0 "2011-04-03 05:35:00" 2.93179165323 61.0 3.0
55.0 5.2 332.0 68.0 3.9 "2011-04-03 05:35:00" 2.98398889954 60.0 2.3
55.0 5.3 334.0 66.0 3.7 "2011-04-03 05:35:00" 2.98163697831 60.0 2.0
60.0 10.0 258.0 68.0 8.0 "2011-04-03 05:35:00" 5.3542639475 65.0 4.9
56.0 3.4 316.0 63.0 4.8 "2011-04-03 05:35:00" 2.36728812072 59.0 1.4
55.0 3.9 318.0 60.0 2.1 "2011-04-03 05:35:00" 2.87190460406 57.0 2.3
55.0 3.3 320.0 60.0 2.1 "2011-04-03 05:35:00" 2.71406123367 57.0 2.3
56.0 2.9 308.0 62.0 2.9 "2011-04-03 05:35:00" 2.36960538028 59.0 1.8
55.0 3.2 310.0 62.0 7.1 "2011-04-03 05:35:00" 2.46736512393 58.0 2.3
56.0 3.5 312.0 69.0 7.0 "2011-04-03 05:35:00" 3.08994818276 59.0 2.3
56.0 3.5 314.0 64.0 4.0 "2011-04-03 05:35:00" 2.68365984857 59.0 2.1
51.0 6.6 328.0 68.0 4.0 "2011-04-03 05:35:00" 2.59871307571 61.0 2.2
53.0 3.8 304.0 63.0 5.5 "2011-04-03 05:35:00" 2.4509662307 58.0 2.4
55.0 3.9 300.0 65.0 5.7 "2011-04-03 05:35:00" 2.90514550371 59.0 2.4
54.0 3.9 302.0 63.0 5.5 "2011-04-03 05:35:00" 2.77543455099 58.0 2.4
56.0 3.8 298.0 62.0 4.6 "2011-04-03 05:35:00" 2.62373882147 58.0 1.3
60.0 14.7 250.0 69.0 7.9 "2011-04-03 05:35:00" 6.74628983045 66.0 6.3
56.0 3.8 296.0 61.0 4.9 "2011-04-03 05:35:00" 2.59509143307 59.0 1.2
54.0 4.5 294.0 61.0 4.9 "2011-04-03 05:35:00" 3.68370984299 58.0 3.6
55.0 4.3 292.0 63.0 4.3 "2011-04-03 05:35:00" 3.62529028116 60.0 3.1
56.0 4.6 290.0 68.0 6.6 "2011-04-03 05:35:00" 3.48488519529 60.0 3.0
60.0 13.4 254.0 69.0 7.9 "2011-04-03 05:35:00" 5.56576001016 66.0 4.7
57.0 4.2 288.0 68.0 5.4 "2011-04-03 05:35:00" 3.30232523033 60.0 2.7
60.0 14.5 252.0 69.0 7.9 "2011-04-03 05:35:00" 6.4849251483 66.0 5.9
60.0 12.7 256.0 69.0 8.1 "2011-04-03 05:35:00" 5.18381518107 66.0 4.3
57.0 5.4 284.0 69.0 4.4 "2011-04-03 05:35:00" 3.38581171771 62.0 3.4
57.0 5.1 286.0 63.0 3.7 "2011-04-03 05:35:00" 3.29156298484 61.0 2.7
48.0 9.3 0.0 64.0 8.8 "2011-04-03 05:45:00" 4.94010034723 56.0 3.9
52.0 7.0 2.0 65.0 8.8 "2011-04-03 05:45:00" 3.65581086419 57.0 2.1
51.0 7.7 4.0 67.0 6.0 "2011-04-03 05:45:00" 4.3315547751 57.0 3.8
51.0 7.1 6.0 64.0 5.4 "2011-04-03 05:45:00" 4.39775011256 57.0 3.8
52.0 6.8 8.0 63.0 5.0 "2011-04-03 05:45:00" 4.05805922406 58.0 3.5
52.0 6.7 10.0 61.0 4.3 "2011-04-03 05:45:00" 3.80439606799 57.0 3.1
52.0 6.5 12.0 60.0 4.4 "2011-04-03 05:45:00" 3.55522205102 57.0 2.8
49.0 8.1 14.0 60.0 4.5 "2011-04-03 05:45:00" 3.28799929327 57.0 2.4
49.0 8.2 16.0 63.0 4.4 "2011-04-03 05:45:00" 2.96810432043 57.0 2.0
49.0 8.1 18.0 62.0 4.4 "2011-04-03 05:45:00" 3.06282084317 57.0 2.0
49.0 7.9 20.0 63.0 5.8 "2011-04-03 05:45:00" 3.30858140549 56.0 2.5
51.0 6.9 22.0 63.0 5.5 "2011-04-03 05:45:00" 3.42421810973 56.0 3.1
51.0 7.3 24.0 62.0 6.1 "2011-04-03 05:45:00" 3.52297616669 56.0 3.1
52.0 6.3 26.0 62.0 6.3 "2011-04-03 05:45:00" 3.52373635206 56.0 2.9
48.0 2.8 68.0 67.0 3.5 "2011-04-03 05:45:00" 2.02740136601 51.0 1.4
48.0 22.9 222.0 54.0 21.5 "2011-04-03 05:45:00" 20.7303377531 51.0 18.3
48.0 22.9 220.0 63.0 25.1 "2011-04-03 05:45:00" 22.3070546437 52.0 21.4
57.0 7.4 274.0 68.0 4.0 "2011-04-03 05:45:00" 2.92670749988 64.0 2.7
57.0 7.4 276.0 68.0 4.0 "2011-04-03 05:45:00" 2.96551118503 64.0 2.7
57.0 6.8 278.0 68.0 4.1 "2011-04-03 05:45:00" 3.0042040157 64.0 2.7
58.0 8.3 268.0 69.0 3.7 "2011-04-03 05:45:00" 3.51362634222 66.0 3.5
58.0 7.2 270.0 69.0 3.6 "2011-04-03 05:45:00" 3.26114586258 66.0 3.0
58.0 5.5 272.0 68.0 3.6 "2011-04-03 05:45:00" 2.93366731012 65.0 2.6
57.0 6.1 280.0 68.0 4.0 "2011-04-03 05:45:00" 3.38422741803 64.0 3.4
57.0 5.3 282.0 63.0 3.6 "2011-04-03 05:45:00" 3.43993581902 61.0 3.4
58.0 10.9 264.0 69.0 4.5 "2011-04-03 05:45:00" 3.60298120539 66.0 3.4
58.0 9.4 266.0 69.0 4.2 "2011-04-03 05:45:00" 3.6095107167 65.0 3.3
59.0 10.4 262.0 69.0 6.5 "2011-04-03 05:45:00" 3.94700039831 66.0 3.4
60.0 8.7 260.0 69.0 6.1 "2011-04-03 05:45:00" 4.1139272473 67.0 2.9
57.0 4.8 284.0 63.0 3.7 "2011-04-03 05:45:00" 3.4268124525 61.0 3.4
55.0 2.9 320.0 63.0 3.4 "2011-04-03 05:45:00" 2.42749422797 58.0 2.5
56.0 3.2 316.0 63.0 7.2 "2011-04-03 05:45:00" 2.30014751558 59.0 1.4
56.0 3.2 318.0 63.0 3.9 "2011-04-03 05:45:00" 2.63276493091 58.0 2.2
55.0 2.6 308.0 62.0 5.2 "2011-04-03 05:45:00" 2.28308157064 58.0 2.1
54.0 2.8 310.0 61.0 7.3 "2011-04-03 05:45:00" 2.59462258939 57.0 2.5
55.0 2.8 312.0 65.0 7.5 "2011-04-03 05:45:00" 2.57701209694 58.0 2.5
56.0 2.8 314.0 63.0 7.3 "2011-04-03 05:45:00" 2.27434198207 59.0 2.2
50.0 3.9 306.0 62.0 2.9 "2011-04-03 05:45:00" 2.27873953697 58.0 2.3
52.0 4.0 304.0 63.0 5.2 "2011-04-03 05:45:00" 2.43348455561 58.0 2.4
55.0 3.6 302.0 67.0 5.2 "2011-04-03 05:45:00" 2.63162363239 58.0 2.3
55.0 3.9 300.0 62.0 4.9 "2011-04-03 05:45:00" 2.5435274731 58.0 1.6
55.0 3.9 298.0 63.0 4.6 "2011-04-03 05:45:00" 2.18377548271 59.0 1.2
56.0 3.6 296.0 63.0 3.8 "2011-04-03 05:45:00" 2.15941882923 59.0 1.6
61.0 11.7 250.0 70.0 7.7 "2011-04-03 05:45:00" 6.43724592305 67.0 5.9
56.0 3.6 294.0 67.0 6.1 "2011-04-03 05:45:00" 2.29307207344 60.0 1.8
56.0 3.8 292.0 68.0 6.8 "2011-04-03 05:45:00" 2.70911021234 60.0 2.3
60.0 13.3 252.0 69.0 6.7 "2011-04-03 05:45:00" 6.24060206876 66.0 5.8
56.0 3.8 290.0 63.0 4.0 "2011-04-03 05:45:00" 2.94493367982 60.0 2.3
60.0 12.1 254.0 69.0 6.7 "2011-04-03 05:45:00" 5.49827366331 66.0 4.9
60.0 11.4 256.0 69.0 6.3 "2011-04-03 05:45:00" 4.94526849122 66.0 4.2
56.0 5.1 286.0 63.0 4.0 "2011-04-03 05:45:00" 3.33444020211 60.0 2.6
56.0 4.7 288.0 62.0 3.7 "2011-04-03 05:45:00" 3.11823894601 60.0 2.4
60.0 10.5 258.0 70.0 5.5 "2011-04-03 05:45:00" 4.25593052908 67.0 3.7
52.0 5.9 20.0 59.0 7.0 "2011-04-03 05:55:00" 3.35131875673 56.0 2.1
50.0 7.4 22.0 61.0 6.3 "2011-04-03 05:55:00" 3.80182981241 56.0 2.3
50.0 7.3 24.0 61.0 6.0 "2011-04-03 05:55:00" 3.78176138835 55.0 3.4
50.0 6.7 26.0 61.0 5.9 "2011-04-03 05:55:00" 3.38631995161 56.0 2.7
53.0 4.1 28.0 62.0 6.1 "2011-04-03 05:55:00" 3.4529047839 56.0 2.9
46.0 4.5 68.0 65.0 4.5 "2011-04-03 05:55:00" 2.38881600504 49.0 1.8
46.0 4.5 70.0 52.0 4.9 "2011-04-03 05:55:00" 3.06911457187 48.0 2.1
51.0 5.3 38.0 63.0 5.4 "2011-04-03 05:55:00" 5.02932137642 53.0 4.6
47.0 24.4 220.0 63.0 24.1 "2011-04-03 05:55:00" 23.1604925737 50.0 23.0
58.0 4.9 274.0 68.0 3.7 "2011-04-03 05:55:00" 2.97465376564 64.0 2.8
57.0 7.5 276.0 68.0 3.7 "2011-04-03 05:55:00" 3.1100591414 64.0 2.9
57.0 6.9 278.0 68.0 3.7 "2011-04-03 05:55:00" 3.1570818354 65.0 2.9
57.0 8.6 268.0 70.0 3.8 "2011-04-03 05:55:00" 3.23683978293 67.0 3.2
57.0 8.1 270.0 69.0 3.3 "2011-04-03 05:55:00" 3.1562946886 66.0 2.8
58.0 6.5 272.0 68.0 3.5 "2011-04-03 05:55:00" 3.03671337761 64.0 2.9
58.0 9.4 264.0 69.0 3.2 "2011-04-03 05:55:00" 3.6750379739 66.0 3.6
57.0 9.4 266.0 69.0 3.1 "2011-04-03 05:55:00" 3.42097343426 65.0 3.0
56.0 7.5 280.0 68.0 3.9 "2011-04-03 05:55:00" 3.4330204944 62.0 3.5
56.0 5.6 282.0 68.0 3.9 "2011-04-03 05:55:00" 3.47414483255 61.0 3.7
53.0 6.2 340.0 64.0 2.8 "2011-04-03 05:55:00" 2.72607001835 60.0 2.0
59.0 9.5 262.0 69.0 4.8 "2011-04-03 05:55:00" 3.97879935064 66.0 3.8
55.0 11.5 106.0 64.0 10.7 "2011-04-03 05:55:00" 10.172687402 62.0 9.2
56.0 5.2 284.0 68.0 4.0 "2011-04-03 05:55:00" 3.54201461481 61.0 3.7
52.0 6.4 332.0 65.0 3.5 "2011-04-03 05:55:00" 2.78249568016 59.0 2.4
54.0 5.6 334.0 66.0 3.6 "2011-04-03 05:55:00" 2.63860625096 60.0 2.7
53.0 6.2 338.0 63.0 2.9 "2011-04-03 05:55:00" 2.51491820454 60.0 2.0
51.0 12.1 98.0 68.0 7.7 "2011-04-03 05:55:00" 7.66591057595 66.0 7.7
59.0 9.3 100.0 66.0 7.7 "2011-04-03 05:55:00" 7.63935032321 64.0 7.9
47.0 4.5 322.0 62.0 3.7 "2011-04-03 05:55:00" 2.0193933723 57.0 2.2
49.0 3.9 320.0 63.0 3.4 "2011-04-03 05:55:00" 2.29785161219 58.0 2.1
54.0 2.7 324.0 62.0 3.7 "2011-04-03 05:55:00" 1.85031603001 58.0 1.6
54.0 5.5 336.0 66.0 3.6 "2011-04-03 05:55:00" 2.5401015851 60.0 2.4
53.0 4.1 326.0 62.0 3.1 "2011-04-03 05:55:00" 1.94897885901 59.0 1.4
52.0 5.7 328.0 66.0 3.7 "2011-04-03 05:55:00" 2.5753950435 59.0 2.3
55.0 2.6 316.0 63.0 5.0 "2011-04-03 05:55:00" 2.04093937987 59.0 1.4
56.0 3.0 318.0 62.0 3.7 "2011-04-03 05:55:00" 2.2041609977 59.0 1.6
56.0 2.5 314.0 63.0 7.2 "2011-04-03 05:55:00" 2.09236825698 59.0 1.6
51.0 3.3 306.0 62.0 5.2 "2011-04-03 05:55:00" 2.30084866389 57.0 2.2
48.0 3.6 308.0 62.0 5.3 "2011-04-03 05:55:00" 2.19771342581 57.0 2.1
53.0 2.8 310.0 61.0 7.3 "2011-04-03 05:55:00" 2.31653807239 56.0 2.2
55.0 2.5 312.0 63.0 8.3 "2011-04-03 05:55:00" 2.37098222277 58.0 2.3
52.0 3.8 304.0 66.0 6.8 "2011-04-03 05:55:00" 2.3405461305 58.0 2.3
54.0 3.5 302.0 65.0 6.5 "2011-04-03 05:55:00" 2.28378634549 58.0 1.9
55.0 3.5 300.0 63.0 5.1 "2011-04-03 05:55:00" 2.01340603627 58.0 1.3
56.0 3.0 298.0 63.0 5.1 "2011-04-03 05:55:00" 1.99400857274 59.0 1.5
56.0 3.0 296.0 64.0 4.5 "2011-04-03 05:55:00" 2.14117699422 59.0 1.6
54.0 3.8 294.0 67.0 7.4 "2011-04-03 05:55:00" 2.56229250361 59.0 1.8
54.0 3.9 292.0 62.0 3.8 "2011-04-03 05:55:00" 3.02647211758 59.0 2.3
55.0 4.3 290.0 62.0 3.9 "2011-04-03 05:55:00" 3.22933953283 59.0 2.9
59.0 13.2 254.0 69.0 5.9 "2011-04-03 05:55:00" 5.25664086334 66.0 4.8
60.0 9.8 256.0 69.0 5.4 "2011-04-03 05:55:00" 4.60687351557 67.0 3.8
56.0 4.5 286.0 68.0 3.8 "2011-04-03 05:55:00" 3.55088275395 61.0 3.5
51.0 5.3 40.0 64.0 5.4 "2011-04-03 05:55:00" 4.74118167978 53.0 4.6
