BndEquGlat BndEquMlat BndEquMlon BndEquTecVal BndGlon BndPolGlat BndPolMlat BndPolMlon BndPolTecVal date minFltrdTecVal minTecGlat minTecMlat minTecMlon minTecVal
38.0 47.634052733 -37.9768480411 4.3 -105.0 44.0 53.4906213129 -38.8417807455 5.35 "2011-02-05 02:32:30" 3.88127558848 40.0 49.5822182134 -38.2516315836 3.4
38.0 47.7943155793 -36.7389518816 4.2 -104.0 44.0 53.6431623545 -37.5525359441 5.1 "2011-02-05 02:32:30" 3.73054565305 40.0 49.7399057842 -36.9968031941 3.4
38.0 47.9500587336 -35.4897894834 4.5 -103.0 44.0 53.7905496606 -36.2513290786 4.7 "2011-02-05 02:32:30" 3.93947598368 41.0 50.86604923 -35.8552764596 3.7
43.0 54.1500497032 -15.5560510735 6.5 -88.0 50.0 60.8367588591 -15.6437110845 5.0 "2011-02-05 02:32:30" 4.2733543546 47.0 57.9723759897 -15.5842116923 3.9
42.0 53.2108032945 -14.1449616789 6.9 -87.0 51.0 61.798284975 -14.1801427501 6.4 "2011-02-05 02:32:30" 4.86210394567 46.0 57.0276930702 -14.1267821773 4.4
56.0 54.1306383559 -104.536453763 8.0 -166.0 64.0 62.3560944108 -108.043758263 8.2 "2011-02-05 02:32:30" 6.77208241497 59.0 57.2035098683 -105.661640868 6.55
55.0 53.2579819194 -103.377044636 7.4 -165.0 64.0 62.490636038 -107.26341307 8.1 "2011-02-05 02:32:30" 6.74628027963 59.0 57.3447505884 -104.858362914 6.7
54.0 52.3939076248 -102.220925705 8.1 -164.0 64.0 62.627863277 -106.479565755 7.9 "2011-02-05 02:32:30" 6.57159139314 59.0 57.4888707373 -104.051745026 6.25
54.0 52.5455733363 -101.388585436 8.75 -163.0 64.0 62.7677355962 -105.692000591 8.1 "2011-02-05 02:32:30" 6.6148203581 59.0 57.6358264096 -103.241595612 6.35
54.0 52.7000860743 -100.552864747 9.15 -162.0 64.0 62.9102099075 -104.900497862 8.2 "2011-02-05 02:32:30" 6.59561583816 59.0 57.7855707805 -102.427719498 6.4
44.0 54.9110226122 -4.14996602416 5.4 -80.0 51.0 61.5985754206 -3.78808173909 4.2 "2011-02-05 02:32:30" 3.57159231904 49.0 59.6889234914 -3.88456393238 1.9
44.0 54.6684254709 0.0675436791798 6.6 -77.0 55.0 65.1880252935 0.883552884433 4.25 "2011-02-05 02:32:30" 2.69266858183 49.0 59.4589370842 0.436561296021 2.5
47.0 53.9597615653 27.4245196371 3.95 -56.0 55.0 62.1192782678 28.973182533 5.45 "2011-02-05 02:32:30" 3.12386003864 50.0 57.036120191 27.9190029471 2.6
56.0 52.4365596897 -115.725886269 6.05 -180.0 65.0 61.8171740426 -119.223009707 6.9 "2011-02-05 02:32:30" 5.82645286431 59.0 55.5471315488 -116.65683892 5.4
45.0 52.6113856569 23.629312044 4.4 -59.0 60.0 67.6179893566 26.7487503194 5.85 "2011-02-05 02:32:30" 2.37780110786 51.0 58.6700658208 24.5577334091 2.6
46.0 53.1666195273 26.1207768959 4.3 -57.0 52.0 59.2804533742 27.1303277692 2.6 "2011-02-05 02:32:30" 3.13879220879 50.0 57.2483629966 26.7544781575 2.6
50.0 46.9323566025 86.7637898687 3.65 10.0 55.0 52.6734561895 88.2905674709 3.4 "2011-02-05 02:32:30" 3.23668666191 52.0 49.2645811106 87.3274438771 3.05
57.0 53.9990856446 -112.084052142 6.7 -175.0 69.0 66.4596624311 -118.08471501 8.0 "2011-02-05 02:32:30" 6.21549508191 61.0 58.1462417955 -113.551763577 5.95
59.0 62.4291993526 -79.2339239054 6.2 -136.0 65.0 68.2908783167 -82.8202934401 5.7 "2011-02-05 02:32:30" 4.90369486454 62.0 65.3759759967 -80.8537511173 4.2
42.0 53.1885604219 -9.90313433635 6.0 -84.0 52.0 62.7194888248 -9.69913477113 7.8 "2011-02-05 02:32:30" 3.66996678625 47.0 57.9550487208 -9.76737637077 3.0
46.0 56.9704880917 -8.34641280247 4.2 -83.0 54.0 64.5855953913 -8.17479365076 4.45 "2011-02-05 02:32:30" 2.15332163952 51.0 61.740668573 -8.22030409284 1.65
44.0 54.7591542202 -1.33182610842 5.3 -78.0 51.0 61.458391185 -0.865944705606 4.1 "2011-02-05 02:32:30" 3.19276699982 48.0 58.5867780679 -1.06158872669 2.4
50.0 46.9143285942 87.6202949615 3.1 11.0 55.0 52.6332869568 89.1325441806 2.3 "2011-02-05 02:32:30" 3.27811029434 53.0 50.3803240608 88.4802014442 3.05
53.0 50.6687607186 -106.043640826 7.2 -169.0 64.0 61.9689510117 -110.365880477 8.2 "2011-02-05 02:32:30" 6.83784584543 58.0 55.7673055109 -107.671461186 6.9
54.0 51.8165173074 -105.519593498 7.05 -168.0 64.0 62.095217573 -109.594785799 8.2 "2011-02-05 02:32:30" 6.7282499787 58.0 55.9007026498 -106.872507338 6.75
60.0 63.026556663 -81.7131803239 6.9 -138.0 66.0 68.8901728632 -85.5285343746 5.5 "2011-02-05 02:32:30" 5.08827125212 64.0 66.9515890158 -84.0765835914 4.6
59.0 62.2336044216 -80.224698665 7.0 -137.0 66.0 69.0712243178 -84.5599780847 5.4 "2011-02-05 02:32:30" 4.87339783736 63.0 66.1633916088 -82.4508545255 4.2
47.0 56.8538999706 -35.3480570403 5.05 -102.0 52.0 61.7001138998 -36.1611779408 4.7 "2011-02-05 02:32:30" 4.04014739298 50.0 59.7674322229 -35.8120511986 3.3
45.0 55.6068914703 -26.9060731702 6.8 -96.0 52.0 62.3393177981 -27.5910624113 4.5 "2011-02-05 02:32:30" 4.53135957206 50.0 60.4236723087 -27.3636394159 5.05
42.0 53.2142468787 -12.7314038917 6.8 -86.0 49.0 59.8932350309 -12.6745327379 7.4 "2011-02-05 02:32:30" 4.51417808378 46.0 57.0288236154 -12.6805656945 3.9
56.0 52.8565373785 -112.564564793 6.85 -176.0 68.0 65.325362643 -118.086981428 7.75 "2011-02-05 02:32:30" 6.41466395828 59.0 55.9572805751 -113.55058607 6.3
56.0 53.9893323296 -105.350234649 7.7 -167.0 64.0 62.2242764093 -108.820813166 8.2 "2011-02-05 02:32:30" 6.91644688597 59.0 57.0651896768 -106.461767015 6.6
47.0 56.9852180433 -33.9961117617 4.7 -101.0 52.0 61.8239823577 -34.7610660423 4.3 "2011-02-05 02:32:30" 3.86936173426 50.0 59.8942863542 -34.4317330289 2.95
41.0 49.9613632941 15.7734300242 6.3 -65.0 51.0 59.7846471522 17.0656897439 3.6 "2011-02-05 02:32:30" 2.85455124295 47.0 55.8425359849 16.4962310478 2.5
42.0 53.206837878 -11.3171543521 6.3 -85.0 49.0 59.8835789746 -11.2022137789 7.1 "2011-02-05 02:32:30" 4.10866446804 46.0 57.019660876 -11.234440811 3.6
44.0 54.8400803252 -2.73791515104 5.4 -79.0 51.0 61.5329238922 -2.32313932103 4.1 "2011-02-05 02:32:30" 3.26731638781 49.0 59.6213893706 -2.43661980562 1.85
43.0 53.3816805284 4.12752774341 5.8 -74.0 50.0 60.1130542026 4.77290560876 3.5 "2011-02-05 02:32:30" 2.79342547514 48.0 58.1864576639 4.58467868967 1.8
42.0 50.7290322395 17.1464916053 6.0 -64.0 50.0 58.6223784528 18.195216982 3.25 "2011-02-05 02:32:30" 2.66043441377 47.0 55.6549010402 17.7660613669 2.15
55.0 54.0266358783 -99.2198174955 8.8 -160.0 64.0 63.2027791574 -103.304780432 8.0 "2011-02-05 02:32:30" 6.88141716988 59.0 58.0932231105 -100.78798809 6.6
55.0 54.1886567603 -98.3771279523 8.7 -159.0 64.0 63.3527748337 -102.500105678 8.5 "2011-02-05 02:32:30" 7.05268188276 59.0 58.2510219442 -99.9617238703 6.8
55.0 54.3533133528 -97.5302733802 8.25 -158.0 63.0 62.4875642022 -101.112768427 8.0 "2011-02-05 02:32:30" 7.28078954903 59.0 58.4113910797 -99.1309150333 7.0
43.0 53.992080711 -21.2035339064 4.7 -92.0 49.0 59.7463312713 -21.4838354435 5.2 "2011-02-05 02:32:30" 3.88664072604 46.0 56.8701194012 -21.3246706465 3.05
50.0 46.0875239215 -171.101257958 6.85 115.0 60.0 56.0471481117 -171.434597642 6.75 "2011-02-05 02:32:30" 6.55904688843 54.0 50.0966573583 -171.138135965 6.2
55.0 51.6121504768 -113.866442649 6.4 -178.0 67.0 64.0909579161 -118.895712031 7.3 "2011-02-05 02:32:30" 5.96179439079 58.0 54.7073073682 -114.765593285 5.85
42.0 52.9680492371 -22.5606176579 7.1 -93.0 49.0 59.6886841137 -22.9385084871 5.65 "2011-02-05 02:32:30" 5.01809891392 46.0 56.8092151767 -22.7509071605 5.2
42.0 51.1342978707 14.6142883195 4.7 -66.0 50.0 58.9713105603 15.6191974537 3.6 "2011-02-05 02:32:30" 3.08188117251 48.0 57.0062388801 15.3434415534 2.75
53.0 47.9085022831 -136.711167917 5.4 153.0 73.0 68.5710924132 -144.135261451 5.9 "2011-02-05 02:32:30" 5.48598390185 63.0 58.3116104452 -138.912759842 5.4
52.0 49.0869951731 103.170158672 8.85 28.0 64.0 61.5227023974 107.156892168 4.6 "2011-02-05 02:32:30" 4.57192003959 61.0 58.4842633192 105.863313748 4.35
52.0 49.0909506748 104.083336891 8.85 29.0 63.0 60.4868775526 107.550232528 4.7 "2011-02-05 02:32:30" 4.53660135923 59.0 56.414352533 106.00829808 4.3
55.0 51.7196458629 -113.070892711 6.9 -177.0 68.0 65.2261903742 -118.82049629 7.5 "2011-02-05 02:32:30" 6.52381759759 57.0 53.7776802125 -113.66055732 6.1
45.0 54.8948485992 8.38980066045 6.1 -71.0 58.0 67.4314920065 10.0213065745 3.7 "2011-02-05 02:32:30" 3.10382349212 50.0 59.7372199042 8.93649500016 3.45
44.0 53.4454713724 12.2564653562 6.3 -68.0 53.0 62.2215417758 13.4106564797 3.15 "2011-02-05 02:32:30" 2.81219413371 49.0 58.3203751464 12.8559407749 2.45
52.0 49.3660882599 84.7930297691 2.9 7.0 60.0 58.3104387029 87.8114691902 2.8 "2011-02-05 02:32:30" 2.32121979559 55.0 52.8099001629 85.7806156291 0.7
44.0 54.568089759 1.45948030844 6.6 -76.0 51.0 61.2834531149 2.02189856747 3.4 "2011-02-05 02:32:30" 2.70348326442 49.0 59.3644164791 1.8602211423 2.7
42.0 53.0901773673 -19.7738646494 6.3 -91.0 49.0 59.7947571994 -20.0236599428 5.2 "2011-02-05 02:32:30" 4.14446740993 46.0 56.9214752338 -19.8927509788 3.7
54.0 51.2247095788 101.853495422 6.0 26.0 66.0 63.5947973773 106.519154332 4.45 "2011-02-05 02:32:30" 3.71004671191 63.0 60.574781519 104.997001809 2.1
54.0 51.2185696042 102.750221471 6.0 27.0 65.0 62.5587338237 106.811900081 4.4 "2011-02-05 02:32:30" 4.13565377449 62.0 59.5293064459 105.409099861 3.5
56.0 53.2678642856 109.595137599 3.8 34.0 62.0 59.36509738 111.46822325 4.4 "2011-02-05 02:32:30" 3.18141024639 59.0 56.3355529234 110.437937222 1.9
42.0 49.8295369812 22.0592331519 5.1 -60.0 56.0 63.8532384671 24.3746297277 5.5 "2011-02-05 02:32:30" 2.44879647445 49.0 56.8584652745 23.0103891001 2.0
45.0 54.7435883505 9.72834511668 5.2 -70.0 52.0 61.537969405 10.5514844747 3.2 "2011-02-05 02:32:30" 2.86234422241 49.0 58.6258045194 10.1797500883 2.5
45.0 54.5844853519 11.0553811119 5.7 -69.0 52.0 61.3961586922 11.9144359899 3.45 "2011-02-05 02:32:30" 2.78952773937 49.0 58.4764851921 11.5243819057 2.4
41.0 50.3580088587 13.2196854282 6.8 -67.0 51.0 60.116061612 14.4510755122 3.55 "2011-02-05 02:32:30" 2.81959098741 48.0 57.1781809247 14.0430883775 2.3
42.0 50.5150206539 18.3939924717 6.0 -63.0 51.0 59.4317535145 19.6221311377 3.25 "2011-02-05 02:32:30" 2.59591128682 47.0 55.4613175613 19.0222292867 2.1
42.0 50.2936498043 19.6287614342 6.0 -62.0 53.0 61.2347356131 21.2346188656 3.2 "2011-02-05 02:32:30" 2.50887236802 48.0 56.2589158538 20.4074677057 2.1
45.0 53.0563259712 21.2209148005 5.2 -61.0 55.0 63.0390356981 22.8961415758 5.1 "2011-02-05 02:32:30" 2.60324268817 49.0 57.0595083793 21.7908532561 2.1
54.0 51.206472411 105.460080167 5.2 30.0 62.0 59.4514294244 107.988561074 5.0 "2011-02-05 02:32:30" 4.49619590131 59.0 56.3963559185 106.888201527 4.2
50.0 47.1449970406 116.913423304 3.25 43.0 62.0 59.2274282216 119.468450323 4.6 "2011-02-05 02:32:30" 2.7870038822 53.0 50.2021154859 117.35220815 2.1
49.0 46.1358030254 117.759893804 3.45 44.0 63.0 60.2000102098 120.702659924 4.6 "2011-02-05 02:32:30" 2.67315726256 53.0 50.2063998416 118.304628698 1.9
56.0 52.5366038913 -114.937272359 5.9 -179.0 64.0 60.865501135 -117.961053021 6.9 "2011-02-05 02:32:30" 5.77396811806 59.0 55.6448052601 -115.881855303 5.4
58.0 55.2882923122 112.849099763 4.5 37.0 66.0 63.2695554624 115.790708125 4.5 "2011-02-05 02:32:30" 4.47560343688 64.0 61.29910022 114.887242367 4.45
44.0 54.2115487994 5.58422726047 5.5 -73.0 50.0 59.9953716245 6.1726170528 3.5 "2011-02-05 02:32:30" 2.97334169045 48.0 58.0651489866 5.97140605541 2.1
51.0 60.8363457697 7.67131411314 3.2 -72.0 58.0 67.5460675571 8.57373422686 5.4 "2011-02-05 02:32:30" 3.06421428771 53.0 62.7652192674 7.90280794932 2.8
44.0 54.9718177244 -5.5671799041 5.4 -81.0 53.0 63.5568576921 -5.18707371456 5.3 "2011-02-05 02:32:30" 3.47517774482 50.0 60.7017264457 -5.29859375726 2.85
44.0 54.4583540514 2.84331470703 5.5 -75.0 56.0 65.9597341781 3.92859521058 3.5 "2011-02-05 02:32:30" 2.7127279958 49.0 59.2613242637 3.27429482103 2.5
54.0 51.4182949865 91.3512139519 4.0 14.0 71.0 69.1671013884 100.605961318 2.85 "2011-02-05 02:32:30" 2.7325815045 68.0 66.1766136041 98.1093966654 2.5
62.0 59.8034007003 98.6512200155 3.95 19.0 71.0 68.8733129315 104.473620064 4.5 "2011-02-05 02:32:30" 3.439254758 66.0 63.8904642108 100.778676475 3.05
55.0 52.2441225522 107.524139061 4.95 32.0 62.0 59.4059394992 109.722568786 2.9 "2011-02-05 02:32:30" 2.78726513002 60.0 57.3823881319 108.988856532 2.85
50.0 47.1331168275 115.949128688 3.25 42.0 65.0 62.1897011209 119.682685075 4.75 "2011-02-05 02:32:30" 3.00936629195 52.0 49.1784267414 116.239637245 3.0
55.0 52.2401820409 108.434984598 3.8 33.0 63.0 60.3881078605 110.993918545 4.1 "2011-02-05 02:32:30" 2.57784747858 59.0 56.349199058 109.545989598 1.9
51.0 48.4599592275 79.4933397311 3.0 1.0 56.0 54.3006279868 81.2019045202 3.2 "2011-02-05 02:32:30" 2.69266580583 53.0 50.8400736771 80.1243095036 1.9
52.0 49.4061309475 83.9542087628 2.8 6.0 61.0 59.4450115309 87.4743305648 2.8 "2011-02-05 02:32:30" 2.58698921379 58.0 56.202453159 86.110602995 2.0
51.0 48.3559992943 81.1499867655 3.85 3.0 70.0 68.9679753355 91.1952387467 1.4 "2011-02-05 02:32:30" 1.49152422959 68.0 66.9497658404 89.4645786699 2.35
55.0 53.8673091906 -100.058524843 8.5 -161.0 64.0 63.0552405297 -104.104833783 8.15 "2011-02-05 02:32:30" 6.80009711625 59.0 57.9380540022 -101.609917848 6.5
65.0 62.973767246 98.5602099174 3.6 17.0 71.0 68.9859275103 102.922366437 4.05 "2011-02-05 02:32:30" 3.30672188527 67.0 65.0006376572 99.7997656134 3.05
53.0 50.3505831176 89.331438613 3.8 12.0 70.0 68.3038256298 98.150569518 2.8 "2011-02-05 02:32:30" 2.64480348941 67.0 65.2885171178 95.8083964633 2.8
53.0 50.3234050486 90.1858276377 4.0 13.0 70.0 68.2392645004 98.9268040873 2.8 "2011-02-05 02:32:30" 2.57823097835 68.0 66.2372388077 97.3186921193 2.5
53.0 49.9000075192 160.795348969 5.9 87.0 60.0 56.8084582488 161.152203203 5.2 "2011-02-05 02:32:30" 4.51915507576 56.0 52.8875922786 160.928466913 3.35
53.0 50.2223614943 94.5067766733 3.4 18.0 60.0 57.7606977877 96.930423641 4.0 "2011-02-05 02:32:30" 3.26883615986 57.0 54.5793266498 95.7773494682 3.05
52.0 46.8849197117 -135.757781227 7.2 154.0 74.0 69.6045611028 -144.237069521 5.9 "2011-02-05 02:32:30" 5.48531156493 63.0 58.3268715063 -138.122298149 5.4
49.0 58.070416751 -42.3182156039 4.95 -107.0 54.0 62.9302586819 -43.4580643247 5.6 "2011-02-05 02:37:30" 3.57208025998 51.0 60.0217669396 -42.7427649239 2.3
57.0 53.9990856446 -112.084052142 6.65 -175.0 68.0 65.4272229877 -117.35215592 7.7 "2011-02-05 02:37:30" 6.29509704155 61.0 58.1462417955 -113.551763577 6.1
58.0 55.1466624862 -111.630810295 6.6 -174.0 69.0 66.5629864567 -117.354782642 7.7 "2011-02-05 02:37:30" 6.29956391541 61.0 58.2581573758 -112.77966058 6.2
49.0 58.2261282228 -41.0100780939 5.65 -106.0 55.0 64.0405296328 -42.3590988123 5.1 "2011-02-05 02:37:30" 3.22375903066 52.0 61.145815494 -41.6343309549 2.1
49.0 58.377071084 -39.6890617212 5.35 -105.0 54.0 63.2228494739 -40.7361577818 5.1 "2011-02-05 02:37:30" 3.58287546255 52.0 61.2925712054 -40.2857088607 2.45
48.0 57.6904805865 -36.8451794275 5.3 -103.0 53.0 62.533793257 -37.7483382675 5.1 "2011-02-05 02:37:30" 3.74749950858 51.0 60.6034384499 -37.3598754411 2.5
47.0 56.8538999706 -35.3480570403 4.8 -102.0 53.0 62.662363091 -36.3505410012 5.1 "2011-02-05 02:37:30" 3.44143790649 50.0 59.7674322229 -35.8120511986 2.4
45.0 55.1685919249 -32.3912286976 5.3 -100.0 52.0 61.9413273349 -33.3489537895 4.2 "2011-02-05 02:37:30" 3.51863028427 49.0 59.0479298698 -32.8971734352 2.8
44.0 54.3199846084 -30.9310150717 6.65 -99.0 52.0 62.0518345667 -31.9253194561 4.1 "2011-02-05 02:37:30" 3.41682484991 49.0 59.1628245416 -31.5035614746 2.8
52.0 49.1222752951 93.3546072835 4.55 17.0 59.0 56.7447996084 95.6789767545 3.55 "2011-02-05 02:37:30" 3.21734242809 56.0 53.5308501651 94.5751028014 3.0
62.0 59.8453527656 97.8180417455 3.8 18.0 71.0 68.9288204425 103.697234151 4.2 "2011-02-05 02:37:30" 3.23877623432 67.0 64.9485253778 100.603068672 2.7
65.0 62.8772823175 100.192282287 3.3 19.0 70.0 67.8881911569 103.611282904 3.55 "2011-02-05 02:37:30" 2.96859024453 67.0 64.8981598216 101.40825637 2.6
54.0 52.3939076248 -102.220925705 7.6 -164.0 64.0 62.627863277 -106.479565755 8.1 "2011-02-05 02:37:30" 6.66468795047 59.0 57.4888707373 -104.051745026 6.4
54.0 52.5455733363 -101.388585436 7.75 -163.0 64.0 62.7677355962 -105.692000591 8.1 "2011-02-05 02:37:30" 6.58872071115 59.0 57.6358264096 -103.241595612 6.2
54.0 52.7000860743 -100.552864747 8.7 -162.0 64.0 62.9102099075 -104.900497862 8.2 "2011-02-05 02:37:30" 6.55984881825 59.0 57.7855707805 -102.427719498 6.3
54.0 52.8574002172 -99.7136012765 9.1 -161.0 64.0 63.0552405297 -104.104833783 8.4 "2011-02-05 02:37:30" 6.69873992737 59.0 57.9380540022 -101.609917848 6.5
55.0 54.0266358783 -99.2198174955 8.8 -160.0 64.0 63.2027791574 -103.304780432 8.1 "2011-02-05 02:37:30" 6.85732843871 59.0 58.0932231105 -100.78798809 6.6
55.0 54.1886567603 -98.3771279523 8.7 -159.0 63.0 62.3333536176 -101.926849707 7.65 "2011-02-05 02:37:30" 6.94979245587 59.0 58.2510219442 -99.9617238703 6.7
55.0 54.3533133528 -97.5302733802 8.45 -158.0 63.0 62.4875642022 -101.112768427 7.9 "2011-02-05 02:37:30" 7.14813453759 59.0 58.4113910797 -99.1309150333 6.8
47.0 56.9852180433 -33.9961117617 4.55 -101.0 53.0 62.78473829 -34.9401720468 4.75 "2011-02-05 02:37:30" 3.02225715291 50.0 59.8942863542 -34.4317330289 1.6
46.0 56.6597697771 -25.5829209337 6.9 -95.0 53.0 63.3722209981 -26.2425153852 4.4 "2011-02-05 02:37:30" 4.32202688786 50.0 60.5063273312 -25.920779943 3.7
42.0 52.9680492371 -22.5606176579 7.0 -93.0 50.0 60.646120775 -23.01160249 6.6 "2011-02-05 02:37:30" 4.96676770037 46.0 56.8092151767 -22.7509071605 5.25
42.0 53.0340779084 -21.1702632259 6.1 -92.0 49.0 59.7463312713 -21.4838354435 6.1 "2011-02-05 02:37:30" 3.92281544376 46.0 56.8701194012 -21.3246706465 3.0
51.0 61.7416986365 -18.6508829481 5.1 -90.0 59.0 69.2614765669 -19.2881073783 3.3 "2011-02-05 02:37:30" 2.58752801437 55.0 65.5291337723 -18.9056821266 0.4
42.0 53.2142468787 -12.7314038917 6.8 -86.0 49.0 59.8932350309 -12.6745327379 7.1 "2011-02-05 02:37:30" 4.43367765455 46.0 57.0288236154 -12.6805656945 3.95
42.0 53.206837878 -11.3171543521 6.2 -85.0 50.0 60.836768687 -11.197698295 7.05 "2011-02-05 02:37:30" 4.0340472283 47.0 57.9745914105 -11.2206976088 2.9
44.0 54.9110226122 -4.14996602416 5.4 -80.0 50.0 60.6443064347 -3.8357252999 5.2 "2011-02-05 02:37:30" 4.03253245383 48.0 58.7328711722 -3.93470593695 3.5
57.0 54.7398864631 -107.310810725 7.05 -169.0 68.0 66.0940395516 -112.905316479 8.8 "2011-02-05 02:37:30" 6.9187533602 60.0 57.8297829965 -108.458499876 6.9
55.0 52.8316054182 -105.832479836 6.85 -168.0 64.0 62.095217573 -109.594785799 8.2 "2011-02-05 02:37:30" 6.86679812129 58.0 55.9007026498 -106.872507338 6.9
56.0 53.9893323296 -105.350234649 7.4 -167.0 64.0 62.2242764093 -108.820813166 8.2 "2011-02-05 02:37:30" 6.91875197091 59.0 57.0651896768 -106.461767015 6.7
44.0 54.6684254709 0.0675436791798 6.85 -77.0 55.0 65.1880252935 0.883552884433 5.25 "2011-02-05 02:37:30" 2.69227704313 49.0 59.4589370842 0.436561296021 2.45
44.0 54.568089759 1.45948030844 7.0 -76.0 55.0 65.1025640397 2.36078911069 5.2 "2011-02-05 02:37:30" 2.90174565301 48.0 58.4040708687 1.78014427654 2.4
44.0 54.4583540514 2.84331470703 5.5 -75.0 51.0 61.1834750141 3.45102852768 4.4 "2011-02-05 02:37:30" 2.88615813175 48.0 58.299512435 3.18739253919 2.0
40.0 49.3942657585 13.1106271888 9.6 -67.0 51.0 60.116061612 14.4510755122 3.4 "2011-02-05 02:37:30" 2.93709267473 48.0 57.1781809247 14.0430883775 2.3
41.0 49.9613632941 15.7734300242 6.3 -65.0 50.0 58.7996174945 16.9143490316 3.45 "2011-02-05 02:37:30" 3.07048226622 48.0 56.8280904875 16.6302266564 2.6
41.0 49.7508590386 17.0324899011 6.3 -64.0 50.0 58.6223784528 18.195216982 3.1 "2011-02-05 02:37:30" 2.85643021536 47.0 55.6549010402 17.7660613669 2.6
42.0 50.5150206539 18.3939924717 6.1 -63.0 54.0 62.3983016769 20.1562369673 3.75 "2011-02-05 02:37:30" 2.58556458611 48.0 56.4541801549 19.1623776252 2.3
41.0 49.3062393855 19.5135372177 6.2 -62.0 53.0 61.2347356131 21.2346188656 3.2 "2011-02-05 02:37:30" 2.50233379281 48.0 56.2589158538 20.4074677057 2.0
46.0 54.0564056435 21.3540800278 5.1 -61.0 53.0 61.0538142115 22.4854264058 3.3 "2011-02-05 02:37:30" 2.66829090599 49.0 57.0595083793 21.7908532561 2.1
45.0 52.6113856569 23.629312044 3.75 -59.0 54.0 61.6818344758 25.1507748966 1.25 "2011-02-05 02:37:30" 2.29994936866 50.0 57.6621660252 24.3819083541 2.0
46.0 53.1666195273 26.1207768959 4.2 -57.0 54.0 61.3026379355 27.5552114265 1.1 "2011-02-05 02:37:30" 2.63335727113 51.0 58.2654615777 26.9367807079 2.5
44.0 54.4351603091 -29.5736623239 6.05 -98.0 54.0 64.064931074 -30.7959134233 4.1 "2011-02-05 02:37:30" 3.66648316939 49.0 59.2704692983 -30.0992153038 2.8
45.0 55.7948072946 -2.67519499857 5.2 -79.0 51.0 61.5329238922 -2.32313932103 4.0 "2011-02-05 02:37:30" 3.18111286979 49.0 59.6213893706 -2.43661980562 1.9
45.0 55.7145583328 -1.26283521027 4.9 -78.0 55.0 65.265587471 -0.603982688491 3.45 "2011-02-05 02:37:30" 2.62868392942 50.0 60.5020193418 -0.930824287761 2.4
44.0 54.3394335373 4.21842318002 5.5 -74.0 51.0 61.075465859 4.86937744188 4.65 "2011-02-05 02:37:30" 2.88319969407 48.0 58.1864576639 4.58467868967 1.95
44.0 54.2115487994 5.58422726047 5.5 -73.0 50.0 59.9953716245 6.1726170528 3.8 "2011-02-05 02:37:30" 3.02935885695 48.0 58.0651489866 5.97140605541 1.9
52.0 61.8015655114 7.78518252978 3.9 -72.0 58.0 67.5460675571 8.57373422686 5.4 "2011-02-05 02:37:30" 3.31352848553 54.0 63.7268817223 8.02483095891 2.8
45.0 54.5844853519 11.0553811119 6.3 -69.0 53.0 62.36699169 12.0546855686 3.3 "2011-02-05 02:37:30" 2.69315398558 49.0 58.4764851921 11.5243819057 2.2
40.0 49.5830831676 11.8180351307 6.95 -68.0 57.0 66.0921873329 14.0791937779 3.9 "2011-02-05 02:37:30" 2.76501246664 49.0 58.3203751464 12.8559407749 2.3
42.0 49.8295369812 22.0592331519 4.9 -60.0 53.0 60.8689129144 23.7209292612 3.2 "2011-02-05 02:37:30" 2.43540421535 49.0 56.8584652745 23.0103891001 2.0
52.0 49.3660882599 84.7930297691 3.0 7.0 60.0 58.3104387029 87.8114691902 2.8 "2011-02-05 02:37:30" 2.04550309607 55.0 52.8099001629 85.7806156291 0.2
52.0 49.2088115059 121.037507254 4.3 47.0 59.0 56.2219823182 122.299018005 3.4 "2011-02-05 02:37:30" 2.76146351371 57.0 54.2311761809 121.862731515 2.0
51.0 48.2046116677 121.880834459 4.3 48.0 60.0 57.2055668676 123.471060409 3.2 "2011-02-05 02:37:30" 2.49531144153 57.0 54.2281907364 122.805183803 1.95
60.0 63.026556663 -81.7131803239 6.5 -138.0 66.0 68.8901728632 -85.5285343746 5.3 "2011-02-05 02:37:30" 4.9239882815 64.0 66.9515890158 -84.0765835914 4.7
59.0 62.2336044216 -80.224698665 7.1 -137.0 66.0 69.0712243178 -84.5599780847 5.05 "2011-02-05 02:37:30" 4.70930002135 64.0 67.1373602677 -83.1025738029 4.45
59.0 62.4291993526 -79.2339239054 6.4 -136.0 65.0 68.2908783167 -82.8202934401 5.4 "2011-02-05 02:37:30" 4.77908579258 63.0 66.3518681926 -81.4639062354 4.2
37.0 46.8236267092 -36.6140248165 3.8 -104.0 44.0 53.6431623545 -37.5525359441 5.5 "2011-02-05 02:37:30" 3.60872832548 39.0 48.7664519351 -36.8664599711 3.8
54.0 51.4472537461 90.4970759911 3.8 13.0 70.0 68.2392645004 98.9268040873 2.8 "2011-02-05 02:37:30" 2.45078437515 67.0 65.2271971519 96.6036359892 2.4
55.0 52.5275999411 91.6755032171 2.0 14.0 70.0 68.1764731403 99.7041586982 2.8 "2011-02-05 02:37:30" 2.559566411 67.0 65.1677787507 97.4002928487 2.3
49.0 45.941549574 156.616654676 4.6 83.0 64.0 60.7124217566 157.577753085 5.5 "2011-02-05 02:37:30" 4.54576405152 51.0 47.9601224843 156.683732357 4.65
50.0 46.0875239215 -171.101257958 7.6 115.0 60.0 56.0471481117 -171.434597642 6.7 "2011-02-05 02:37:30" 6.56107086609 58.0 54.0754681495 -171.298551638 6.7
54.0 50.6973246043 -112.801410699 7.0 -177.0 65.0 62.1058727576 -116.979221822 6.9 "2011-02-05 02:37:30" 6.34820645978 56.0 52.7466124783 -113.356757118 6.2
42.0 53.1885604219 -9.90313433635 6.0 -84.0 52.0 62.7194888248 -9.69913477113 6.2 "2011-02-05 02:37:30" 3.05942645011 48.0 58.9098209668 -9.7480483902 2.9
41.0 52.1205547766 -5.72646563911 6.2 -81.0 52.0 62.6070226442 -5.22274185677 5.1 "2011-02-05 02:37:30" 3.89850119372 48.0 58.7917255776 -5.38100133106 3.55
41.0 50.1637963806 14.5023918442 9.75 -66.0 50.0 58.9713105603 15.6191974537 3.8 "2011-02-05 02:37:30" 3.27371120701 48.0 57.0062388801 15.3434415534 3.0
44.0 54.6419672613 -26.8293923927 6.7 -96.0 52.0 62.3393177981 -27.5910624113 4.4 "2011-02-05 02:37:30" 4.55583836697 49.0 59.4626738057 -27.2606481258 3.6
53.0 50.1541247516 102.498227506 5.8 27.0 65.0 62.5587338237 106.811900081 4.4 "2011-02-05 02:37:30" 4.10118247791 62.0 59.5293064459 105.409099861 3.5
55.0 51.6121504768 -113.866442649 6.2 -178.0 64.0 60.9625251375 -117.208239016 6.85 "2011-02-05 02:37:30" 5.93112621501 58.0 54.7073073682 -114.765593285 5.75
56.0 54.1306383559 -104.536453763 7.4 -166.0 63.0 61.3252117106 -107.503386856 7.85 "2011-02-05 02:37:30" 6.90274019737 59.0 57.2035098683 -105.661640868 6.7
53.0 51.2368877198 -102.737181664 7.2 -165.0 64.0 62.490636038 -107.26341307 8.2 "2011-02-05 02:37:30" 6.87495681967 59.0 57.3447505884 -104.858362914 6.65
52.0 61.6731955179 9.17493411581 3.3 -71.0 58.0 67.4314920065 10.0213065745 3.7 "2011-02-05 02:37:30" 3.12081926912 54.0 63.6030454923 9.43088380106 2.75
55.0 51.8304155769 -112.273974741 7.0 -176.0 68.0 65.325362643 -118.086981428 7.65 "2011-02-05 02:37:30" 6.70916964401 57.0 53.8867606921 -112.873036081 6.35
47.0 53.9597615653 27.4245196371 4.2 -56.0 55.0 62.1192782678 28.973182533 5.25 "2011-02-05 02:37:30" 3.06563430329 50.0 57.036120191 27.9190029471 2.5
43.0 54.1634558859 -14.1359725435 6.3 -87.0 52.0 62.7481610384 -14.2028923384 6.2 "2011-02-05 02:37:30" 4.57470528709 47.0 57.9832409518 -14.1301235058 4.0
45.0 54.7435883505 9.72834511668 5.4 -70.0 52.0 61.537969405 10.5514844747 3.5 "2011-02-05 02:37:30" 2.88022271814 49.0 58.6258045194 10.1797500883 2.4
53.0 50.1535195141 105.223056823 5.1 30.0 60.0 57.4195094381 107.231375237 4.9 "2011-02-05 02:37:30" 4.33397483607 57.0 54.3353543595 106.263685325 4.45
52.0 49.0909506748 104.083336891 8.5 29.0 60.0 57.4398661417 106.357094509 4.95 "2011-02-05 02:37:30" 4.3274684288 57.0 54.3480652752 105.372843597 4.4
50.0 47.1562556599 117.880058941 3.35 44.0 62.0 59.2157432762 120.371831631 4.6 "2011-02-05 02:37:30" 2.81433176342 53.0 50.2063998416 118.304628698 2.6
56.0 52.5366038913 -114.937272359 6.0 -179.0 65.0 61.9104674291 -118.475967645 6.9 "2011-02-05 02:37:30" 5.85196097024 59.0 55.6448052601 -115.881855303 5.55
54.0 51.2028268954 107.282782898 6.05 32.0 62.0 59.4059394992 109.722568786 5.0 "2011-02-05 02:37:30" 4.37252554379 57.0 54.3131038213 108.054638412 3.8
57.0 54.5226757055 97.4945865077 4.8 20.0 71.0 68.8193782297 105.251609222 4.4 "2011-02-05 02:37:30" 3.28565711128 69.0 66.8457097953 103.611795506 2.55
52.0 49.2113497553 89.0327819935 5.0 12.0 66.0 64.2712458684 95.1382899824 5.8 "2011-02-05 02:37:30" 3.50524966114 54.0 51.4786221431 89.646004122 2.7
54.0 51.2247095788 101.853495422 5.8 26.0 66.0 63.5947973773 106.519154332 4.4 "2011-02-05 02:37:30" 4.06776628093 62.0 59.5580465507 104.554932016 3.5
50.0 47.1331168275 115.949128688 3.15 42.0 63.0 60.2270785956 118.911407029 4.6 "2011-02-05 02:37:30" 3.03450035106 52.0 49.1784267414 116.239637245 3.0
51.0 48.4599592275 79.4933397311 3.0 1.0 56.0 54.3006279868 81.2019045202 3.25 "2011-02-05 02:37:30" 2.96668378371 53.0 50.8400736771 80.1243095036 2.8
51.0 48.2670320198 82.8173743692 4.4 5.0 68.0 66.7912702744 91.0307063133 4.9 "2011-02-05 02:37:30" 2.92184332974 58.0 56.2644469228 85.2891737237 2.0
52.0 49.4061309475 83.9542087628 2.8 6.0 61.0 59.4450115309 87.4743305648 2.8 "2011-02-05 02:37:30" 2.48017095097 58.0 56.202453159 86.110602995 2.0
51.0 48.1044339119 87.0382432985 3.95 10.0 56.0 53.7865540092 88.6462630788 3.45 "2011-02-05 02:37:30" 3.34769718475 53.0 50.4127286202 87.632054292 2.7
38.0 45.6934177476 -50.8815275447 2.4 -116.0 47.0 54.5345236833 -52.9837001118 3.3 "2011-02-05 02:37:30" 2.11933229574 40.0 47.6491455738 -51.3179584719 1.9
66.0 63.7978512023 102.407481082 4.1 21.0 72.0 69.7434084387 106.954354527 3.85 "2011-02-05 02:37:30" 3.25334758915 69.0 66.795907136 104.407305872 2.6
38.0 45.6934177476 -50.8815275447 2.3 -116.0 47.0 54.5345236833 -52.9837001118 3.2 "2011-02-05 02:42:30" 2.11430215984 41.0 48.6294728236 -51.5417505392 1.9
52.0 49.295419669 86.4795653142 2.8 9.0 68.0 66.4985967072 94.167908282 5.6 "2011-02-05 02:42:30" 2.26466804789 54.0 51.5880933619 87.1105632396 2.1
52.0 49.2645811106 87.3274438771 3.4 10.0 67.0 65.4169727824 94.2217396035 5.6 "2011-02-05 02:42:30" 2.97513978858 54.0 51.5489522838 87.9528161228 2.7
53.0 50.3234050486 90.1858276377 4.0 13.0 70.0 68.2392645004 98.9268040873 2.85 "2011-02-05 02:42:30" 2.38585568829 66.0 64.2111852276 95.9390079746 2.3
52.0 49.1686333182 90.7512971338 4.05 14.0 70.0 68.1764731403 99.7041586982 2.9 "2011-02-05 02:42:30" 2.32592814314 57.0 54.7163471825 92.3775333278 1.9
59.0 56.7974619683 -108.05329985 6.85 -169.0 68.0 66.0940395516 -112.905316479 8.8 "2011-02-05 02:42:30" 6.67554332312 61.0 58.863687873 -108.889481544 6.4
58.0 55.9007026498 -106.872507338 7.05 -168.0 68.0 66.2142772441 -112.156056862 8.65 "2011-02-05 02:42:30" 6.89386484521 60.0 57.9610547709 -107.668691801 6.8
57.0 55.0116435071 -105.700947782 7.05 -167.0 67.0 65.312713406 -110.681530634 8.1 "2011-02-05 02:42:30" 6.89999501445 59.0 57.0651896768 -106.461767015 6.7
56.0 54.1306383559 -104.536453763 7.55 -166.0 63.0 61.3252117106 -107.503386856 7.9 "2011-02-05 02:42:30" 6.8690872344 59.0 57.2035098683 -105.661640868 6.6
51.0 49.2362584212 -102.148696733 8.25 -165.0 63.0 61.461250576 -106.718260955 7.9 "2011-02-05 02:42:30" 6.85961952465 59.0 57.3447505884 -104.858362914 6.6
46.0 56.1395459051 -32.5093429977 4.55 -100.0 52.0 61.9413273349 -33.3489537895 4.2 "2011-02-05 02:42:30" 3.23981820168 49.0 59.0479298698 -32.8971734352 2.1
45.0 55.2895161904 -31.0352535317 4.65 -99.0 52.0 62.0518345667 -31.9253194561 4.1 "2011-02-05 02:42:30" 3.19547111576 49.0 59.1628245416 -31.5035614746 2.3
44.0 54.4351603091 -29.5736623239 6.2 -98.0 53.0 63.1116555511 -30.6382390786 4.1 "2011-02-05 02:42:30" 3.18479391213 49.0 59.2704692983 -30.0992153038 2.5
44.0 54.5426208457 -28.2062710062 6.05 -97.0 53.0 63.2062479754 -29.1825191077 3.95 "2011-02-05 02:42:30" 3.2901982222 49.0 59.3705268987 -28.6847005207 2.45
51.0 61.7041234765 -20.1356343266 6.8 -91.0 58.0 68.3003424001 -20.7483931527 3.2 "2011-02-05 02:42:30" 2.24142906323 56.0 66.4332235563 -20.5300931372 0.95
59.0 56.1816424333 -111.989540385 6.5 -174.0 69.0 66.5629864567 -117.354782642 7.7 "2011-02-05 02:42:30" 6.05525854496 63.0 60.3395076886 -113.683316922 5.4
37.0 46.8236267092 -36.6140248165 3.7 -104.0 43.0 52.6663889091 -37.4077667998 4.2 "2011-02-05 02:42:30" 3.48213871483 39.0 48.7664519351 -36.8664599711 3.5
38.0 47.9500587336 -35.4897894834 3.9 -103.0 43.0 52.8151568408 -36.115353889 4.2 "2011-02-05 02:42:30" 3.45223544066 40.0 49.8928319231 -35.7304673447 2.35
47.0 56.8538999706 -35.3480570403 4.6 -102.0 53.0 62.662363091 -36.3505410012 4.8 "2011-02-05 02:42:30" 3.34382136468 50.0 59.7674322229 -35.8120511986 2.4
47.0 56.9852180433 -33.9961117617 4.4 -101.0 53.0 62.78473829 -34.9401720468 4.55 "2011-02-05 02:42:30" 2.95561208618 50.0 59.8942863542 -34.4317330289 1.9
44.0 54.568089759 1.45948030844 6.95 -76.0 52.0 62.2412341368 2.10409853293 4.7 "2011-02-05 02:42:30" 2.67876579247 48.0 58.4040708687 1.78014427654 1.9
44.0 54.4583540514 2.84331470703 5.7 -75.0 51.0 61.1834750141 3.45102852768 4.25 "2011-02-05 02:42:30" 2.90909827689 48.0 58.299512435 3.18739253919 2.0
44.0 54.3394335373 4.21842318002 5.55 -74.0 51.0 61.075465859 4.86937744188 4.7 "2011-02-05 02:42:30" 2.79797108696 48.0 58.1864576639 4.58467868967 2.0
44.0 54.2115487994 5.58422726047 5.6 -73.0 51.0 60.9596712495 6.27632649294 4.4 "2011-02-05 02:42:30" 2.88995887314 48.0 58.0651489866 5.97140605541 1.9
45.0 55.0380333343 7.04015150771 5.65 -72.0 51.0 60.8363457697 7.67131411314 5.45 "2011-02-05 02:42:30" 3.46258925879 48.0 57.9358358554 7.34703045321 1.6
45.0 54.8948485992 8.38980066045 6.2 -71.0 51.0 60.7057510331 9.05383549302 5.45 "2011-02-05 02:42:30" 3.43685265755 48.0 57.7987726386 8.71105934293 1.8
45.0 54.7435883505 9.72834511668 5.35 -70.0 51.0 60.5681538763 10.4234415073 5.4 "2011-02-05 02:42:30" 3.30724827514 48.0 57.6542167477 10.0630504563 2.05
45.0 54.5844853519 11.0553811119 6.35 -69.0 57.0 66.2269651382 12.6885703243 3.9 "2011-02-05 02:42:30" 3.13489046112 48.0 57.5024270258 11.4026099929 2.3
44.0 53.4454713724 12.2564653562 4.85 -68.0 57.0 66.0921873329 14.0791937779 4.55 "2011-02-05 02:42:30" 3.19392780523 48.0 57.3436624161 12.7293904784 2.55
41.0 52.1205547766 -5.72646563911 5.9 -81.0 51.0 61.65517722 -5.25988458734 4.95 "2011-02-05 02:42:30" 3.91895318786 48.0 58.7917255776 -5.38100133106 3.6
44.0 54.6684254709 0.0675436791798 6.9 -77.0 55.0 65.1880252935 0.883552884433 5.15 "2011-02-05 02:42:30" 2.38458103311 49.0 59.4589370842 0.436561296021 2.4
52.0 49.3660882599 84.7930297691 2.8 7.0 60.0 58.3104387029 87.8114691902 2.7 "2011-02-05 02:42:30" 1.90026422703 55.0 52.8099001629 85.7806156291 0.2
62.0 59.8453527656 97.8180417455 3.8 18.0 70.0 67.9425117941 102.826827336 3.75 "2011-02-05 02:42:30" 2.83158142089 67.0 64.9485253778 100.603068672 2.5
51.0 47.9867198527 94.8483915416 4.9 19.0 56.0 53.4770487294 96.295240343 3.7 "2011-02-05 02:42:30" 2.61437036432 54.0 51.3063906432 95.6695433785 0.6
43.0 54.1634558859 -14.1359725435 6.2 -87.0 52.0 62.7481610384 -14.2028923384 5.6 "2011-02-05 02:42:30" 4.30654881635 47.0 57.9832409518 -14.1301235058 3.45
42.0 53.2142468787 -12.7314038917 6.5 -86.0 49.0 59.8932350309 -12.6745327379 7.0 "2011-02-05 02:42:30" 4.38779565441 46.0 57.0288236154 -12.6805656945 4.2
42.0 53.206837878 -11.3171543521 6.1 -85.0 49.0 59.8835789746 -11.2022137789 6.9 "2011-02-05 02:42:30" 4.32351946261 46.0 57.019660876 -11.234440811 3.7
42.0 53.1885604219 -9.90313433635 6.0 -84.0 51.0 61.7693378123 -9.70694358408 2.5 "2011-02-05 02:42:30" 3.0198125075 48.0 58.9098209668 -9.7480483902 2.9
56.0 52.9697148699 -111.770888324 6.7 -175.0 68.0 65.4272229877 -117.35215592 7.7 "2011-02-05 02:42:30" 6.48714784436 59.0 56.0678694646 -112.770857716 6.6
37.0 46.4966317332 -39.0618902638 3.6 -106.0 44.0 53.3333419834 -40.11896295 4.5 "2011-02-05 02:42:30" 3.52200168632 39.0 48.4443427358 -39.347735637 3.4
49.0 58.377071084 -39.6890617212 4.9 -105.0 55.0 64.1828177058 -40.9812102687 4.75 "2011-02-05 02:42:30" 3.0998712637 52.0 61.2925712054 -40.2857088607 2.15
60.0 63.026556663 -81.7131803239 6.1 -138.0 66.0 68.8901728632 -85.5285343746 5.2 "2011-02-05 02:42:30" 4.78741872608 64.0 66.9515890158 -84.0765835914 4.6
59.0 62.2336044216 -80.224698665 6.8 -137.0 66.0 69.0712243178 -84.5599780847 5.1 "2011-02-05 02:42:30" 4.56712192233 63.0 66.1633916088 -82.4508545255 4.1
59.0 62.4291993526 -79.2339239054 6.3 -136.0 66.0 69.2528520646 -83.5797754528 4.95 "2011-02-05 02:42:30" 4.57618126741 63.0 66.3518681926 -81.4639062354 4.1
55.0 53.8673091906 -100.058524843 7.6 -161.0 64.0 63.0552405297 -104.104833783 8.55 "2011-02-05 02:42:30" 6.63884208279 59.0 57.9380540022 -101.609917848 6.4
55.0 54.0266358783 -99.2198174955 8.55 -160.0 63.0 62.1815870228 -102.736119095 7.8 "2011-02-05 02:42:30" 6.77010015372 59.0 58.0932231105 -100.78798809 6.5
55.0 54.1886567603 -98.3771279523 8.7 -159.0 63.0 62.3333536176 -101.926849707 7.45 "2011-02-05 02:42:30" 6.81894407633 59.0 58.2510219442 -99.9617238703 6.6
55.0 54.3533133528 -97.5302733802 8.6 -158.0 63.0 62.4875642022 -101.112768427 7.9 "2011-02-05 02:42:30" 7.00973146585 59.0 58.4113910797 -99.1309150333 6.8
39.0 48.4343360015 13.0026070637 9.8 -67.0 54.0 63.0445702835 14.9135684377 3.9 "2011-02-05 02:42:30" 3.367329626 48.0 57.1781809247 14.0430883775 2.9
41.0 50.1637963806 14.5023918442 9.5 -66.0 53.0 61.9132352051 16.0787792662 3.5 "2011-02-05 02:42:30" 3.41095702122 48.0 57.0062388801 15.3434415534 3.2
42.0 50.9355141531 15.8865020315 5.75 -65.0 53.0 61.7509328354 17.3904968213 3.7 "2011-02-05 02:42:30" 3.13344724693 48.0 56.8280904875 16.6302266564 2.95
41.0 49.7508590386 17.0324899011 6.3 -64.0 55.0 63.5482423367 19.0608096986 4.1 "2011-02-05 02:42:30" 2.91070275943 48.0 56.6439876665 17.9032565192 2.6
41.0 49.5324334311 18.2792821288 6.25 -63.0 54.0 62.3983016769 20.1562369673 3.7 "2011-02-05 02:42:30" 2.4470335666 48.0 56.4541801549 19.1623776252 2.0
54.0 50.7130920137 169.907602329 7.1 96.0 69.0 65.1289759254 170.214322451 5.0 "2011-02-05 02:42:30" 4.8759263003 59.0 55.6470640988 170.032196211 4.7
45.0 55.6068914703 -26.9060731702 6.6 -96.0 53.0 63.2931884804 -27.7170261901 4.0 "2011-02-05 02:42:30" 3.90495823329 50.0 60.4236723087 -27.3636394159 4.05
55.0 51.6121504768 -113.866442649 6.2 -178.0 65.0 62.006703146 -117.728095544 7.2 "2011-02-05 02:42:30" 6.02661481754 58.0 54.7073073682 -114.765593285 5.9
55.0 52.2870156389 102.125484884 5.55 26.0 65.0 62.5930862385 105.975821139 4.3 "2011-02-05 02:42:30" 3.96806395509 62.0 59.5580465507 104.554932016 3.5
54.0 51.2185696042 102.750221471 5.6 27.0 65.0 62.5587338237 106.811900081 4.4 "2011-02-05 02:42:30" 4.06291625198 62.0 59.5293064459 105.409099861 3.5
47.0 53.7272584633 28.5685329778 4.2 -55.0 56.0 62.9378977718 30.4026006144 5.5 "2011-02-05 02:42:30" 2.70929589762 50.0 56.8206601725 29.069129119 2.3
47.0 53.49102438 29.698511728 4.25 -54.0 56.0 62.7475560516 31.5615783446 5.55 "2011-02-05 02:42:30" 2.92298260859 50.0 56.6022428898 30.2049629075 2.35
45.0 55.6962775462 -25.5111528148 6.85 -95.0 59.0 69.0129585825 -27.1606517832 5.95 "2011-02-05 02:42:30" 4.19907037851 50.0 60.5063273312 -25.920779943 4.05
47.0 53.9597615653 27.4245196371 4.2 -56.0 56.0 63.1261468926 29.2283292514 5.45 "2011-02-05 02:42:30" 2.24612573971 52.0 59.0777930968 28.3013050767 2.45
48.0 54.2969386812 30.9746961583 5.3 -53.0 56.0 62.5553642768 32.7054832429 5.6 "2011-02-05 02:42:30" 3.34171954529 50.0 56.3811308099 31.326629543 2.35
54.0 51.2135411567 103.6502429 5.25 28.0 64.0 61.5227023974 107.156892168 4.4 "2011-02-05 02:42:30" 3.79247847774 61.0 58.4842633192 105.863313748 3.5
41.0 49.3062393855 19.5135372177 6.2 -62.0 54.0 62.2250875502 21.4282132084 5.0 "2011-02-05 02:42:30" 2.46243557905 49.0 57.2558310596 20.5569234801 1.95
41.0 48.8311914241 21.9434546821 5.1 -60.0 53.0 60.8689129144 23.7209292612 3.25 "2011-02-05 02:42:30" 2.37905079369 49.0 56.8584652745 23.0103891001 2.0
46.0 54.0564056435 21.3540800278 4.9 -61.0 53.0 61.0538142115 22.4854264058 3.4 "2011-02-05 02:42:30" 2.63470400252 49.0 57.0595083793 21.7908532561 2.1
53.0 50.1535195141 105.223056823 5.2 30.0 61.0 58.4378468263 107.597486916 5.0 "2011-02-05 02:42:30" 4.09956415685 57.0 54.3353543595 106.263685325 3.9
53.0 50.1528435095 104.311470443 5.2 29.0 60.0 57.4398661417 106.357094509 4.2 "2011-02-05 02:42:30" 4.01124964322 57.0 54.3480652752 105.372843597 3.9
45.0 55.7948072946 -2.67519499857 5.1 -79.0 53.0 63.4385472822 -2.21186617321 3.8 "2011-02-05 02:42:30" 3.21419653227 49.0 59.6213893706 -2.43661980562 2.0
61.0 58.625005919 101.578022533 4.7 23.0 71.0 68.6667321097 107.595986986 4.05 "2011-02-05 02:42:30" 3.8402491263 66.0 63.7119030317 104.045097254 3.65
59.0 56.5242011872 101.653685357 4.5 24.0 72.0 69.5913902128 109.276558329 4.1 "2011-02-05 02:42:30" 3.75518615336 65.0 62.6662647057 104.311325707 3.3
45.0 55.7145583328 -1.26283521027 4.9 -78.0 55.0 65.265587471 -0.603982688491 3.8 "2011-02-05 02:42:30" 2.36747724419 50.0 60.5020193418 -0.930824287761 2.4
65.0 62.7878568341 101.832963625 4.1 21.0 72.0 69.7434084387 106.954354527 3.95 "2011-02-05 02:42:30" 3.27246722054 69.0 66.795907136 104.407305872 2.9
52.0 50.3836977675 -101.598643107 8.3 -164.0 63.0 61.6000237926 -105.929654061 7.55 "2011-02-05 02:42:30" 6.70454977979 59.0 57.4888707373 -104.051745026 6.4
54.0 52.5455733363 -101.388585436 7.55 -163.0 63.0 61.7414896946 -105.137354211 7.6 "2011-02-05 02:42:30" 6.57494537225 59.0 57.6358264096 -103.241595612 6.1
53.0 50.2382700881 93.6359194684 3.3 17.0 58.0 55.6817118181 95.2906094812 2.9 "2011-02-05 02:42:30" 3.15782519351 56.0 53.5308501651 94.5751028014 2.95
52.0 49.6000703061 80.6263267473 2.35 2.0 64.0 62.9080410229 85.8933134456 2.4 "2011-02-05 02:42:30" 1.60954833461 56.0 54.2318693187 82.0210983678 0.7
43.0 53.8532146071 -23.9951439142 7.3 -94.0 59.0 69.078308937 -25.6001187426 5.4 "2011-02-05 02:42:30" 4.49395038998 51.0 61.5371792808 -24.5592533087 4.4
54.0 52.7000860743 -100.552864747 8.25 -162.0 63.0 61.8856039779 -104.341145591 7.75 "2011-02-05 02:42:30" 6.52704351098 59.0 57.7855707805 -102.427719498 6.15
61.0 58.7285518181 99.0399587038 3.8 20.0 71.0 68.8193782297 105.251609222 3.4 "2011-02-05 02:42:30" 3.02527614986 68.0 65.8503304929 102.886725379 2.5
54.0 51.2042629507 106.369839807 4.5 31.0 61.0 58.4165354411 108.468956711 4.95 "2011-02-05 02:42:30" 4.06408525657 57.0 54.3237235002 107.157620889 3.9
56.0 54.2318693187 82.0210983678 3.0 2.0 63.0 61.8579232087 85.305627406 2.4 "2011-02-05 02:47:30" 1.67483601112 60.0 58.6539506969 83.7404385982 0.9
53.0 50.7222844566 81.7749760134 2.1 3.0 62.0 60.722524867 85.5589890869 2.4 "2011-02-05 02:47:30" 1.36516640122 56.0 54.1661651011 82.8419996185 0.6
52.0 49.4961488098 82.2849978379 2.4 4.0 63.0 61.7043170696 86.9120469789 2.4 "2011-02-05 02:47:30" 1.68227931525 55.0 52.9718507798 83.2927232061 0.6
54.0 51.7731915314 83.7685984384 4.1 5.0 65.0 63.7166522554 88.9089125738 2.8 "2011-02-05 02:47:30" 2.54536729949 62.0 60.5763244953 87.1736285094 2.4
53.0 50.5709476797 84.2689026985 3.35 6.0 65.0 63.6432619076 89.7064534703 3.0 "2011-02-05 02:47:30" 2.55434057801 60.0 58.3741058836 86.9944181308 2.3
52.0 49.3660882599 84.7930297691 2.75 7.0 60.0 58.3104387029 87.8114691902 2.5 "2011-02-05 02:47:30" 1.8534726428 55.0 52.8099001629 85.7806156291 0.2
51.0 61.7041234765 -20.1356343266 6.8 -91.0 58.0 68.3003424001 -20.7483931527 3.05 "2011-02-05 02:47:30" 2.11207312837 56.0 66.4332235563 -20.5300931372 0.5
56.0 52.6399612556 -114.147611131 6.2 -178.0 65.0 62.006703146 -117.728095544 7.5 "2011-02-05 02:47:30" 6.05732646574 58.0 54.7073073682 -114.765593285 5.95
54.0 50.6973246043 -112.801410699 6.2 -177.0 64.0 61.0625490289 -116.454410218 7.1 "2011-02-05 02:47:30" 6.07019229249 56.0 52.7466124783 -113.356757118 6.05
55.0 51.9444372675 -111.475548876 6.6 -175.0 66.0 63.3531679765 -116.054367451 7.7 "2011-02-05 02:47:30" 6.55145542936 58.0 55.0319922207 -112.416750436 6.7
43.0 53.5764847678 -28.1244826349 6.65 -97.0 54.0 64.1582211459 -29.3290719235 3.8 "2011-02-05 02:47:30" 3.04351410328 49.0 59.3705268987 -28.6847005207 2.35
44.0 54.6419672613 -26.8293923927 6.55 -96.0 53.0 63.2931884804 -27.7170261901 3.9 "2011-02-05 02:47:30" 3.32748186413 49.0 59.4626738057 -27.2606481258 2.55
44.0 54.7328198854 -25.4436414081 6.65 -95.0 53.0 63.3722209981 -26.2425153852 3.7 "2011-02-05 02:47:30" 3.92861836635 50.0 60.5063273312 -25.920779943 3.9
44.0 54.9110226122 -4.14996602416 5.4 -80.0 50.0 60.6443064347 -3.8357252999 5.9 "2011-02-05 02:47:30" 3.99547239961 48.0 58.7328711722 -3.93470593695 2.95
45.0 55.7948072946 -2.67519499857 5.2 -79.0 57.0 67.2197064862 -1.98793175523 4.8 "2011-02-05 02:47:30" 2.80279277269 50.0 60.5776808165 -2.3795108629 2.2
58.0 55.9007026498 -106.872507338 7.1 -168.0 68.0 66.2142772441 -112.156056862 8.5 "2011-02-05 02:47:30" 6.78866473657 61.0 58.9938019134 -108.104249492 6.5
58.0 56.0371166129 -106.070796121 6.9 -167.0 66.0 64.2853298384 -110.014079079 7.5 "2011-02-05 02:47:30" 6.83334835468 60.0 58.0952927057 -106.876072894 6.7
51.0 49.3866049908 -101.305430639 8.2 -164.0 63.0 61.6000237926 -105.929654061 7.6 "2011-02-05 02:47:30" 6.74378604944 58.0 56.4640896825 -103.647349384 6.5
53.0 51.5385853585 -101.066487711 7.9 -163.0 63.0 61.7414896946 -105.137354211 7.7 "2011-02-05 02:47:30" 6.64795759031 59.0 57.6358264096 -103.241595612 6.3
54.0 52.7000860743 -100.552864747 7.9 -162.0 63.0 61.8856039779 -104.341145591 7.9 "2011-02-05 02:47:30" 6.52184839391 59.0 57.7855707805 -102.427719498 6.0
37.0 46.8236267092 -36.6140248165 3.6 -104.0 43.0 52.6663889091 -37.4077667998 4.2 "2011-02-05 02:47:30" 3.31397215544 39.0 48.7664519351 -36.8664599711 3.1
38.0 48.5174233241 -30.3825442176 10.85 -99.0 52.0 62.0518345667 -31.9253194561 4.2 "2011-02-05 02:47:30" 2.98499728171 49.0 59.1628245416 -31.5035614746 2.2
44.0 54.3394335373 4.21842318002 5.7 -74.0 51.0 61.075465859 4.86937744188 3.55 "2011-02-05 02:47:30" 2.782838154 49.0 59.1498950294 4.67812480033 2.1
45.0 55.0380333343 7.04015150771 5.6 -72.0 51.0 60.8363457697 7.67131411314 6.55 "2011-02-05 02:47:30" 3.24197904903 48.0 57.9358358554 7.34703045321 1.55
54.0 51.3672362972 93.0688942872 3.1 16.0 70.0 68.0561028508 101.262646426 3.25 "2011-02-05 02:47:30" 3.20403801272 63.0 60.9712037014 96.6548799183 3.05
60.0 57.8001508086 96.0898887576 3.9 17.0 70.0 67.9984731666 102.043978174 3.25 "2011-02-05 02:47:30" 2.89780129105 67.0 65.0006376572 99.7997656134 2.55
48.0 46.1339091001 -102.198023695 8.8 -166.0 62.0 60.2939050098 -106.998352871 7.25 "2011-02-05 02:47:30" 6.86493159535 59.0 57.2035098683 -105.661640868 6.6
51.0 49.2362584212 -102.148696733 8.2 -165.0 63.0 61.461250576 -106.718260955 7.6 "2011-02-05 02:47:30" 6.82344716034 59.0 57.3447505884 -104.858362914 6.6
42.0 53.1195138834 -7.07940743699 5.0 -82.0 53.0 63.6027600623 -6.68458609417 3.45 "2011-02-05 02:47:30" 2.6852956021 50.0 60.7497931165 -6.76719842914 1.8
41.0 52.1205547766 -5.72646563911 5.8 -81.0 51.0 61.65517722 -5.25988458734 5.9 "2011-02-05 02:47:30" 3.89081781174 48.0 58.7917255776 -5.38100133106 3.2
45.0 55.7145583328 -1.26283521027 4.95 -78.0 55.0 65.265587471 -0.603982688491 3.9 "2011-02-05 02:47:30" 2.13466305643 49.0 59.5446638545 -0.995973519741 2.35
44.0 54.6684254709 0.0675436791798 6.85 -77.0 55.0 65.1880252935 0.883552884433 5.05 "2011-02-05 02:47:30" 2.24474817233 49.0 59.4589370842 0.436561296021 2.4
61.0 58.8064155271 97.3609822599 3.8 18.0 70.0 67.9425117941 102.826827336 3.3 "2011-02-05 02:47:30" 2.80521836532 67.0 64.9485253778 100.603068672 2.5
59.0 56.7974619683 -108.05329985 6.75 -169.0 66.0 64.0358843081 -111.538639343 6.8 "2011-02-05 02:47:30" 6.37625167871 62.0 59.8985868705 -109.348950244 5.9
43.0 54.1500497032 -15.5560510735 6.1 -88.0 50.0 60.8367588591 -15.6437110845 5.0 "2011-02-05 02:47:30" 3.83407604742 47.0 57.9723759897 -15.5842116923 2.9
43.0 54.1634558859 -14.1359725435 6.1 -87.0 51.0 61.798284975 -14.1801427501 5.5 "2011-02-05 02:47:30" 4.03437150361 47.0 57.9832409518 -14.1301235058 2.9
42.0 53.2142468787 -12.7314038917 6.3 -86.0 49.0 59.8932350309 -12.6745327379 7.0 "2011-02-05 02:47:30" 4.37927126573 46.0 57.0288236154 -12.6805656945 4.2
47.0 53.9597615653 27.4245196371 4.2 -56.0 56.0 63.1261468926 29.2283292514 5.05 "2011-02-05 02:47:30" 2.35088323596 52.0 59.0777930968 28.3013050767 2.35
42.0 53.206837878 -11.3171543521 6.2 -85.0 49.0 59.8835789746 -11.2022137789 6.9 "2011-02-05 02:47:30" 4.21844604312 46.0 57.019660876 -11.234440811 3.5
44.0 54.4583540514 2.84331470703 6.2 -75.0 51.0 61.1834750141 3.45102852768 4.7 "2011-02-05 02:47:30" 2.86817775742 48.0 58.299512435 3.18739253919 1.95
55.0 53.8673091906 -100.058524843 8.05 -161.0 63.0 62.0323196562 -103.540808463 7.9 "2011-02-05 02:47:30" 6.64138420514 59.0 57.9380540022 -101.609917848 6.3
55.0 54.3533133528 -97.5302733802 8.5 -158.0 63.0 62.4875642022 -101.112768427 7.75 "2011-02-05 02:47:30" 6.94548961944 59.0 58.4113910797 -99.1309150333 6.7
47.0 56.8538999706 -35.3480570403 4.55 -102.0 53.0 62.662363091 -36.3505410012 4.8 "2011-02-05 02:47:30" 3.26251045554 50.0 59.7674322229 -35.8120511986 2.4
45.0 54.8948485992 8.38980066045 5.6 -71.0 51.0 60.7057510331 9.05383549302 6.55 "2011-02-05 02:47:30" 3.44040668336 48.0 57.7987726386 8.71105934293 1.6
45.0 54.7435883505 9.72834511668 5.4 -70.0 50.0 59.5972763226 10.2997159651 3.7 "2011-02-05 02:47:30" 3.30603500183 48.0 57.6542167477 10.0630504563 1.8
45.0 54.5844853519 11.0553811119 5.55 -69.0 58.0 67.1842607463 12.8709371446 4.0 "2011-02-05 02:47:30" 3.18293548807 48.0 57.5024270258 11.4026099929 2.35
43.0 53.4674461729 -29.4827584972 6.6 -98.0 51.0 61.1959225719 -30.3522833541 3.9 "2011-02-05 02:47:30" 2.98253613823 49.0 59.2704692983 -30.0992153038 2.35
45.0 55.1729083893 5.67984332453 5.6 -73.0 51.0 60.9596712495 6.27632649294 4.8 "2011-02-05 02:47:30" 2.86657792384 48.0 58.0651489866 5.97140605541 2.0
42.0 50.9355141531 15.8865020315 8.5 -65.0 53.0 61.7509328354 17.3904968213 4.1 "2011-02-05 02:47:30" 3.39242361559 47.0 55.8425359849 16.4962310478 2.9
38.0 45.6934177476 -50.8815275447 2.3 -116.0 47.0 54.5345236833 -52.9837001118 3.1 "2011-02-05 02:47:30" 2.20457665837 41.0 48.6294728236 -51.5417505392 2.0
38.0 48.3849848175 -31.6755832707 10.2 -100.0 52.0 61.9413273349 -33.3489537895 4.2 "2011-02-05 02:47:30" 3.10703347635 49.0 59.0479298698 -32.8971734352 2.1
43.0 54.1395092171 -9.87097471424 5.1 -84.0 56.0 66.4947512137 -9.69987861463 4.7 "2011-02-05 02:47:30" 2.52112016123 51.0 61.7693378123 -9.70694358408 2.5
55.0 52.2870156389 102.125484884 5.5 26.0 66.0 63.5947973773 106.519154332 4.3 "2011-02-05 02:47:30" 4.10818914672 64.0 61.5864314507 105.469607711 4.3
38.0 47.9500587336 -35.4897894834 4.2 -103.0 43.0 52.8151568408 -36.115353889 4.0 "2011-02-05 02:47:30" 3.31509245988 40.0 49.8928319231 -35.7304673447 2.35
47.0 56.9852180433 -33.9961117617 3.95 -101.0 53.0 62.78473829 -34.9401720468 4.6 "2011-02-05 02:47:30" 3.07863552795 50.0 59.8942863542 -34.4317330289 2.3
45.0 54.4177699092 12.3705445608 5.4 -68.0 57.0 66.0921873329 14.0791937779 5.2 "2011-02-05 02:47:30" 3.42937722278 48.0 57.3436624161 12.7293904784 2.45
44.0 54.568089759 1.45948030844 6.85 -76.0 52.0 62.2412341368 2.10409853293 4.7 "2011-02-05 02:47:30" 2.57547675034 48.0 58.4040708687 1.78014427654 1.75
47.0 53.7272584633 28.5685329778 4.2 -55.0 56.0 62.9378977718 30.4026006144 5.45 "2011-02-05 02:47:30" 2.36622178494 52.0 58.8722988829 29.4575910047 2.3
47.0 53.49102438 29.698511728 4.2 -54.0 56.0 62.7475560516 31.5615783446 5.55 "2011-02-05 02:47:30" 2.5093554655 51.0 57.634671269 30.3958570198 2.3
48.0 54.2969386812 30.9746961583 3.9 -53.0 56.0 62.5553642768 32.7054832429 5.6 "2011-02-05 02:47:30" 2.87513672748 51.0 57.4190715816 31.5201595513 2.3
54.0 51.2135411567 103.6502429 5.1 28.0 64.0 61.5227023974 107.156892168 4.25 "2011-02-05 02:47:30" 3.35276575581 59.0 56.4335909458 105.131402901 2.95
53.0 50.1528435095 104.311470443 7.7 29.0 60.0 57.4398661417 106.357094509 4.45 "2011-02-05 02:47:30" 3.87738015937 57.0 54.3480652752 105.372843597 3.9
53.0 50.1930754459 115.454993162 4.05 41.0 63.0 60.2416008082 118.020080298 4.7 "2011-02-05 02:47:30" 3.61018182506 55.0 52.2284434861 115.829525204 3.3
41.0 48.5826869257 23.1386747185 5.3 -59.0 52.0 59.6762432615 24.7438363169 2.9 "2011-02-05 02:47:30" 2.52337638275 49.0 56.6529540168 24.2155081165 1.9
45.0 52.3806948549 24.8128207878 4.9 -58.0 53.0 60.488227816 26.1461911874 2.65 "2011-02-05 02:47:30" 2.31494634861 50.0 57.4571305429 25.5754684111 1.85
39.0 48.4343360015 13.0026070637 9.8 -67.0 57.0 65.9519843848 15.4540377124 4.55 "2011-02-05 02:47:30" 3.61810295417 47.0 56.1989974189 13.9162856218 2.8
42.0 51.1342978707 14.6142883195 6.85 -66.0 52.0 60.933967099 15.9185161329 5.3 "2011-02-05 02:47:30" 3.58499243174 47.0 56.0239822182 15.2129059761 3.0
40.0 48.7759736495 16.9207233395 6.4 -64.0 54.0 62.5671312872 18.8687049835 4.0 "2011-02-05 02:47:30" 2.50509042231 49.0 57.6333027346 18.0461074132 1.8
41.0 49.5324334311 18.2792821288 6.3 -63.0 54.0 62.3983016769 20.1562369673 3.7 "2011-02-05 02:47:30" 2.19315792438 49.0 57.4471805073 19.3086490098 1.5
46.0 54.2656097093 20.127703431 3.2 -62.0 54.0 62.2250875502 21.4282132084 5.0 "2011-02-05 02:47:30" 2.31760614269 49.0 57.2558310596 20.5569234801 1.3
40.0 47.8355502672 21.8309468311 5.4 -60.0 55.0 62.8614873942 24.1428980726 5.05 "2011-02-05 02:47:30" 2.63564511548 49.0 56.8584652745 23.0103891001 2.0
40.0 48.0826676932 20.6224600568 6.2 -61.0 53.0 61.0538142115 22.4854264058 5.0 "2011-02-05 02:47:30" 2.37742090107 49.0 57.0595083793 21.7908532561 1.3
53.0 50.1535195141 105.223056823 5.65 30.0 60.0 57.4195094381 107.231375237 4.8 "2011-02-05 02:47:30" 3.99483767889 57.0 54.3353543595 106.263685325 3.9
55.0 52.2488510157 106.616412826 4.6 31.0 61.0 58.4165354411 108.468956711 4.9 "2011-02-05 02:47:30" 4.20347095723 57.0 54.3237235002 107.157620889 3.9
56.0 53.2345258198 119.78203263 3.2 45.0 66.0 63.1111334042 122.744544065 4.05 "2011-02-05 02:47:30" 2.96471543018 58.0 55.2373292792 120.205468969 2.2
62.0 59.8034007003 98.6512200155 3.8 19.0 70.0 67.8881911569 103.611282904 2.9 "2011-02-05 02:47:30" 2.77619255062 67.0 64.8981598216 101.40825637 2.5
60.0 63.026556663 -81.7131803239 6.0 -138.0 66.0 68.8901728632 -85.5285343746 4.8 "2011-02-05 02:47:30" 4.51080726527 64.0 66.9515890158 -84.0765835914 4.3
56.0 53.2314857507 121.669544507 3.1 47.0 67.0 64.0414814319 124.941089456 3.7 "2011-02-05 02:47:30" 2.80214934732 62.0 59.1837092985 123.098850083 2.3
52.0 49.2035639077 120.073302037 4.2 46.0 66.0 63.0946060409 123.626379648 4.0 "2011-02-05 02:47:30" 2.73036105922 58.0 55.2326071707 121.13748372 2.2
57.0 54.2793861908 111.673176106 4.2 36.0 64.0 61.3194856078 114.016913416 4.7 "2011-02-05 02:47:30" 4.41586640925 61.0 58.3267203088 112.870529084 4.2
57.0 55.426560302 81.6000322412 3.4 1.0 66.0 65.0678234888 86.3979362897 2.4 "2011-02-05 02:47:30" 2.33732499639 64.0 62.9894720452 85.0942000417 2.4
55.0 54.4555507563 69.4358247915 1.9 -13.0 66.0 66.4704055711 75.2251830303 1.35 "2011-02-05 02:47:30" 1.40879306979 58.0 57.8795766688 70.6562297549 1.2
56.0 54.525794812 78.7531416797 3.0 -2.0 69.0 68.3972541165 86.4022001496 2.35 "2011-02-05 02:47:30" 2.29690108422 65.0 64.2933470341 83.3372572172 2.3
55.0 54.1886567603 -98.3771279523 8.5 -159.0 63.0 62.3333536176 -101.926849707 7.45 "2011-02-05 02:47:30" 6.79359860647 59.0 58.2510219442 -99.9617238703 6.5
39.0 46.8549356203 -49.968691574 2.5 -115.0 48.0 55.7057526107 -52.0577851137 3.3 "2011-02-05 02:47:30" 2.31304236296 41.0 48.8148134098 -50.3999843525 2.1
55.0 54.0266358783 -99.2198174955 8.2 -160.0 63.0 62.1815870228 -102.736119095 7.9 "2011-02-05 02:47:30" 6.69460755783 59.0 58.0932231105 -100.78798809 6.4
38.0 46.2427900925 -47.4842701578 3.1 -113.0 53.0 60.9743674978 -50.983787568 4.8 "2011-02-05 02:47:30" 2.4726437457 41.0 49.1814597864 -48.0862269983 2.2
54.0 51.2185696042 102.750221471 5.4 27.0 64.0 61.553849267 106.311909341 4.4 "2011-02-05 02:47:30" 3.76239290772 61.0 58.5094792165 105.000575093 3.5
43.0 54.1260628379 -16.973766678 5.5 -89.0 50.0 60.8174505632 -17.1242610876 5.0 "2011-02-05 02:52:30" 3.83691333087 47.0 57.951460555 -17.0365381044 2.9
43.0 54.1500497032 -15.5560510735 5.5 -88.0 50.0 60.8367588591 -15.6437110845 5.0 "2011-02-05 02:52:30" 3.73080705513 47.0 57.9723759897 -15.5842116923 2.9
42.0 53.2108032945 -14.1449616789 6.3 -87.0 50.0 60.8464440881 -14.1617305955 5.0 "2011-02-05 02:52:30" 3.91615174242 47.0 57.9832409518 -14.1301235058 2.9
56.0 54.525794812 78.7531416797 3.5 -2.0 70.0 69.4044790103 87.3310032214 2.35 "2011-02-05 02:52:30" 2.1555678474 68.0 67.3825076094 85.5468766924 2.35
48.0 54.2969386812 30.9746961583 5.3 -53.0 56.0 62.5553642768 32.7054832429 5.5 "2011-02-05 02:52:30" 2.73360800914 51.0 57.4190715816 31.5201595513 2.3
43.0 53.6773852595 -26.7567131067 6.9 -96.0 51.0 61.3826853962 -27.47353809 3.6 "2011-02-05 02:52:30" 3.0499966478 49.0 59.4626738057 -27.2606481258 2.4
43.0 53.769752339 -25.3800474859 7.25 -95.0 54.0 64.3218311175 -26.3665297566 3.7 "2011-02-05 02:52:30" 3.26156041761 48.0 58.5853313948 -25.7407759696 2.6
45.0 55.7948072946 -2.67519499857 5.2 -79.0 57.0 67.2197064862 -1.98793175523 4.8 "2011-02-05 02:52:30" 2.7488380483 50.0 60.5776808165 -2.3795108629 2.2
44.0 53.9297811006 8.2858294209 5.6 -71.0 50.0 59.7372199042 8.93649500016 3.15 "2011-02-05 02:52:30" 3.48307124907 48.0 57.7987726386 8.71105934293 2.45
45.0 54.7435883505 9.72834511668 5.2 -70.0 57.0 66.3560481805 11.2824691081 3.6 "2011-02-05 02:52:30" 3.08000133401 49.0 58.6258045194 10.1797500883 3.1
53.0 50.485924701 85.9447505633 2.8 8.0 61.0 59.3163741907 89.1032401779 2.4 "2011-02-05 02:52:30" 1.54722716524 56.0 53.8813204641 86.9764651776 0.2
53.0 50.4478961996 86.786928914 2.8 9.0 66.0 64.4633690658 92.744221304 2.8 "2011-02-05 02:52:30" 1.23395928464 56.0 53.8326353657 87.8101231698 0.2
53.0 50.4127286202 87.632054292 2.2 10.0 66.0 64.3973093671 93.5410075475 2.8 "2011-02-05 02:52:30" 1.77939391178 55.0 52.6734561895 88.2905674709 1.3
56.0 53.2345258198 119.78203263 4.5 45.0 63.0 60.1873665373 121.602549175 2.35 "2011-02-05 02:52:30" 2.5268863961 61.0 58.2180248894 120.977887641 2.4
57.0 54.2342209358 120.92281987 3.2 46.0 68.0 65.0185060844 124.539510593 3.7 "2011-02-05 02:52:30" 2.88609908521 62.0 59.1939321659 122.187058306 2.35
55.0 51.7196458629 -113.070892711 6.15 -177.0 64.0 61.0625490289 -116.454410218 7.15 "2011-02-05 02:52:30" 6.15341496274 57.0 53.7776802125 -113.66055732 6.35
55.0 53.8673091906 -100.058524843 8.2 -161.0 62.0 61.0085400904 -103.012892346 7.75 "2011-02-05 02:52:30" 6.64889822878 59.0 57.9380540022 -101.609917848 6.4
45.0 55.2895161904 -31.0352535317 3.8 -99.0 52.0 62.0518345667 -31.9253194561 4.2 "2011-02-05 02:52:30" 2.92536637248 49.0 59.1628245416 -31.5035614746 2.15
45.0 55.0380333343 7.04015150771 5.5 -72.0 51.0 60.8363457697 7.67131411314 6.55 "2011-02-05 02:52:30" 3.21770572529 48.0 57.9358358554 7.34703045321 1.7
54.0 51.3916535391 92.2084710348 3.65 15.0 67.0 65.1102328796 98.1984690097 2.1 "2011-02-05 02:52:30" 2.37969008056 57.0 54.6789535418 93.2232760127 1.7
50.0 48.2448447373 -101.870792896 8.6 -165.0 62.0 60.43136325 -106.208587191 7.2 "2011-02-05 02:52:30" 6.82470931099 59.0 57.3447505884 -104.858362914 6.55
51.0 49.3866049908 -101.305430639 8.15 -164.0 62.0 60.5715998372 -105.41536784 7.2 "2011-02-05 02:52:30" 6.7523495859 58.0 56.4640896825 -103.647349384 6.5
52.0 50.5364950094 -100.757081319 8.8 -163.0 63.0 61.7414896946 -105.137354211 8.0 "2011-02-05 02:52:30" 6.69234265573 58.0 56.612187894 -102.832823491 6.4
55.0 54.0266358783 -99.2198174955 8.2 -160.0 63.0 62.1815870228 -102.736119095 8.0 "2011-02-05 02:52:30" 6.67388543305 59.0 58.0932231105 -100.78798809 6.4
55.0 54.1886567603 -98.3771279523 8.6 -159.0 63.0 62.3333536176 -101.926849707 7.85 "2011-02-05 02:52:30" 6.80586645644 59.0 58.2510219442 -99.9617238703 6.5
41.0 48.8148134098 -50.3999843525 2.7 -115.0 48.0 55.7057526107 -52.0577851137 3.2 "2011-02-05 02:52:30" 2.45133443878 43.0 50.7801409613 -50.8474164413 2.3
38.0 46.4238057595 -46.3326865571 3.2 -112.0 53.0 61.1483530126 -49.7223113388 4.6 "2011-02-05 02:52:30" 2.50790440791 41.0 49.362381194 -46.9136982223 2.3
37.0 45.6270534744 -44.9908548055 3.2 -111.0 47.0 55.4408509789 -46.9627781915 3.5 "2011-02-05 02:52:30" 2.55079475062 40.0 48.5607231122 -45.5405582325 2.2
43.0 54.1661941162 -12.7144718382 5.9 -86.0 51.0 61.7981732357 -12.6879232787 5.9 "2011-02-05 02:52:30" 3.99439769956 47.0 57.9839897726 -12.6752818597 2.9
52.0 62.738422676 -11.1987635413 4.6 -85.0 57.0 67.4475386804 -11.2680124514 4.5 "2011-02-05 02:52:30" 3.20720551506 54.0 64.6311476952 -11.2143031334 1.15
50.0 60.8173979757 -9.71775493869 2.5 -84.0 56.0 66.4947512137 -9.69987861463 4.4 "2011-02-05 02:52:30" 1.9747774373 53.0 63.6674578277 -9.69442071189 1.15
49.0 59.834786228 -8.26336401561 3.5 -83.0 56.0 66.468650085 -8.15749160991 4.3 "2011-02-05 02:52:30" 1.74277181307 53.0 63.6396588124 -8.18738084917 1.1
59.0 56.9298284269 -107.258926145 6.7 -168.0 66.0 64.159270019 -110.777800659 6.7 "2011-02-05 02:52:30" 6.47958953834 62.0 60.0274807353 -108.568335679 6.3
58.0 56.0371166129 -106.070796121 7.15 -167.0 65.0 63.2556227796 -109.395577102 7.45 "2011-02-05 02:52:30" 6.75004638465 61.0 59.1268472277 -107.316184203 6.5
52.0 62.6097912451 -21.6911700615 3.4 -92.0 59.0 69.1858105012 -22.4559271655 3.1 "2011-02-05 02:52:30" 2.11124806091 56.0 66.3899122051 -22.0682937512 1.5
55.0 52.8099001629 85.7806156291 4.1 7.0 65.0 63.5720531029 90.5048214176 3.0 "2011-02-05 02:52:30" 2.49464340941 61.0 59.3795062823 88.2880287322 2.5
57.0 54.4803866301 -108.910425378 7.0 -171.0 68.0 65.8612808488 -114.396083011 7.6 "2011-02-05 02:52:30" 6.3271605883 61.0 58.6123829198 -110.452199707 6.1
58.0 55.6369585017 -108.467830018 7.1 -170.0 67.0 64.9472013991 -112.947516869 7.8 "2011-02-05 02:52:30" 6.32123999659 62.0 59.7726158282 -110.126906231 6.3
59.0 56.7974619683 -108.05329985 6.7 -169.0 65.0 63.0031703935 -110.930641624 6.4 "2011-02-05 02:52:30" 6.32431252797 62.0 59.8985868705 -109.348950244 6.05
55.0 54.3533133528 -97.5302733802 8.6 -158.0 63.0 62.4875642022 -101.112768427 7.9 "2011-02-05 02:52:30" 6.9586502474 59.0 58.4113910797 -99.1309150333 6.6
43.0 46.8943280581 -72.2723887641 3.55 -135.0 52.0 55.7080176272 -75.2569121175 5.5 "2011-02-05 02:52:30" 3.78538955063 46.0 49.8096487597 -73.2011126412 3.7
41.0 45.1634750686 -70.6824027482 4.5 -134.0 52.0 55.9104494581 -74.2486934451 5.3 "2011-02-05 02:52:30" 3.57259674538 44.0 48.0629936063 -71.574722985 3.35
49.0 58.070416751 -42.3182156039 4.15 -107.0 55.0 63.8932404583 -43.7228346225 5.0 "2011-02-05 02:52:30" 2.80557139379 52.0 60.9941347568 -42.9695137717 2.0
44.0 54.9718177244 -5.5671799041 5.1 -81.0 51.0 61.65517722 -5.25988458734 4.75 "2011-02-05 02:52:30" 3.53121457595 49.0 59.7470958082 -5.33894514404 3.6
52.0 62.5513005543 -3.74150569832 3.7 -80.0 57.0 67.2784074745 -3.51824685702 4.8 "2011-02-05 02:52:30" 3.86814591289 54.0 64.450506336 -3.65092485557 3.8
47.0 53.9597615653 27.4245196371 4.2 -56.0 56.0 63.1261468926 29.2283292514 4.4 "2011-02-05 02:52:30" 2.5033028991 53.0 60.0947702063 28.5110178992 2.35
47.0 53.7272584633 28.5685329778 4.2 -55.0 56.0 62.9378977718 30.4026006144 4.4 "2011-02-05 02:52:30" 2.40579416515 53.0 59.8938950437 29.6710677674 2.3
53.0 49.6653767611 171.89899137 7.65 98.0 74.0 69.6297638405 171.978222083 5.8 "2011-02-05 02:52:30" 5.6177273771 72.0 67.8281292057 172.011925837 5.8
48.0 57.2492051942 -40.8190478749 4.4 -106.0 54.0 63.0790464405 -42.1040573566 4.9 "2011-02-05 02:52:30" 3.37925206677 51.0 60.1748343141 -41.416733462 2.4
44.0 54.4583540514 2.84331470703 6.8 -75.0 52.0 62.1428956756 3.54154271656 4.6 "2011-02-05 02:52:30" 2.64641973599 49.0 59.2613242637 3.27429482103 2.1
57.0 55.1520346217 -104.891757399 6.9 -166.0 62.0 60.2939050098 -106.998352871 7.1 "2011-02-05 02:52:30" 6.85549251158 59.0 57.2035098683 -105.661640868 6.6
54.0 52.7000860743 -100.552864747 7.4 -162.0 62.0 60.860234954 -103.81773373 7.55 "2011-02-05 02:52:30" 6.5896617354 58.0 56.7630976148 -102.01463079 6.3
39.0 47.2208521841 -47.6814938633 3.2 -113.0 48.0 56.0701332358 -49.6475305077 3.1 "2011-02-05 02:52:30" 2.46024753602 42.0 50.1636969728 -48.2942970846 2.3
47.0 56.8538999706 -35.3480570403 4.05 -102.0 53.0 62.662363091 -36.3505410012 4.8 "2011-02-05 02:52:30" 3.33305303734 50.0 59.7674322229 -35.8120511986 2.45
47.0 56.9852180433 -33.9961117617 3.9 -101.0 52.0 61.8239823577 -34.7610660423 4.4 "2011-02-05 02:52:30" 3.29253192117 49.0 58.926133064 -34.2795520401 2.3
44.0 54.568089759 1.45948030844 6.9 -76.0 52.0 62.2412341368 2.10409853293 4.6 "2011-02-05 02:52:30" 2.56409638641 49.0 59.3644164791 1.8602211423 2.15
44.0 54.3394335373 4.21842318002 5.75 -74.0 52.0 62.0366734239 4.96794686881 4.3 "2011-02-05 02:52:30" 2.64239774482 49.0 59.1498950294 4.67812480033 2.15
44.0 54.2115487994 5.58422726047 5.7 -73.0 51.0 60.9596712495 6.27632649294 6.4 "2011-02-05 02:52:30" 3.13471328578 48.0 58.0651489866 5.97140605541 2.0
37.0 46.8236267092 -36.6140248165 3.5 -104.0 43.0 52.6663889091 -37.4077667998 3.8 "2011-02-05 02:52:30" 3.14763720028 39.0 48.7664519351 -36.8664599711 3.1
43.0 53.5764847678 -28.1244826349 6.05 -97.0 51.0 61.293199691 -28.917722973 4.0 "2011-02-05 02:52:30" 2.92652801492 48.0 58.4065726641 -28.578249047 2.3
46.0 56.1395459051 -32.5093429977 3.95 -100.0 52.0 61.9413273349 -33.3489537895 4.4 "2011-02-05 02:52:30" 3.02927284274 49.0 59.0479298698 -32.8971734352 2.1
38.0 47.9500587336 -35.4897894834 3.9 -103.0 44.0 53.7905496606 -36.2513290786 3.55 "2011-02-05 02:52:30" 3.12111291542 40.0 49.8928319231 -35.7304673447 2.6
45.0 54.5844853519 11.0553811119 5.2 -69.0 57.0 66.2269651382 12.6885703243 5.2 "2011-02-05 02:52:30" 3.62831424133 48.0 57.5024270258 11.4026099929 2.5
48.0 54.0609021854 32.078326177 5.3 -52.0 57.0 63.3802749763 34.1295385836 5.0 "2011-02-05 02:52:30" 2.806728539 51.0 57.2012368809 32.6303542291 2.2
53.0 50.1528435095 104.311470443 6.85 29.0 59.0 56.414352533 106.00829808 4.35 "2011-02-05 02:52:30" 3.61609916686 56.0 53.307146528 105.083160216 3.2
53.0 50.1535195141 105.223056823 5.95 30.0 60.0 57.4195094381 107.231375237 4.8 "2011-02-05 02:52:30" 3.95985417286 57.0 54.3353543595 106.263685325 3.8
61.0 64.737949153 51.2427249777 3.9 -37.0 66.0 69.847864748 54.2426244281 4.7 "2011-02-05 02:52:30" 3.74503903916 63.0 66.8070530011 52.2995145995 3.3
57.0 54.2793861908 111.673176106 4.05 36.0 64.0 61.3194856078 114.016913416 4.5 "2011-02-05 02:52:30" 4.40342713579 61.0 58.3267203088 112.870529084 4.3
44.0 55.0223234309 -6.98871952934 4.65 -82.0 53.0 63.6027600623 -6.68458609417 3.45 "2011-02-05 02:52:30" 2.40377674497 51.0 61.7025825806 -6.73761590703 2.3
45.0 55.7145583328 -1.26283521027 5.0 -78.0 55.0 65.265587471 -0.603982688491 3.8 "2011-02-05 02:52:30" 1.86557035711 49.0 59.5446638545 -0.995973519741 1.1
45.0 55.6246711875 0.142500386423 5.0 -77.0 52.0 62.331455598 0.656300522131 2.35 "2011-02-05 02:52:30" 2.15603598866 49.0 59.4589370842 0.436561296021 1.95
46.0 53.3965388268 24.950044323 4.2 -58.0 53.0 60.488227816 26.1461911874 2.8 "2011-02-05 02:52:30" 2.39906685507 50.0 57.4571305429 25.5754684111 1.6
46.0 53.1666195273 26.1207768959 4.7 -57.0 54.0 61.3026379355 27.5552114265 2.8 "2011-02-05 02:52:30" 2.50921192331 51.0 58.2654615777 26.9367807079 2.2
47.0 53.49102438 29.698511728 4.2 -54.0 56.0 62.7475560516 31.5615783446 5.5 "2011-02-05 02:52:30" 2.57977691576 52.0 58.6642269608 30.5993269613 2.3
45.0 54.4177699092 12.3705445608 5.0 -68.0 57.0 66.0921873329 14.0791937779 5.2 "2011-02-05 02:52:30" 3.3360977299 48.0 57.3436624161 12.7293904784 2.5
38.0 47.478538116 12.895272877 9.1 -67.0 58.0 66.9146649868 15.6573144762 4.9 "2011-02-05 02:52:30" 3.29520846571 48.0 57.1781809247 14.0430883775 2.8
42.0 51.1342978707 14.6142883195 8.5 -66.0 53.0 61.9132352051 16.0787792662 5.35 "2011-02-05 02:52:30" 3.54844388305 47.0 56.0239822182 15.2129059761 3.0
43.0 51.7101034392 17.2631797995 4.35 -64.0 53.0 61.5835661496 18.6871063289 5.1 "2011-02-05 02:52:30" 2.76158066985 48.0 56.6439876665 17.9032565192 2.6
44.0 52.488147123 18.6328663887 4.5 -63.0 55.0 63.3826826714 20.3551030657 4.0 "2011-02-05 02:52:30" 2.40262631362 48.0 56.4541801549 19.1623776252 1.8
40.0 47.8355502672 21.8309468311 5.4 -60.0 55.0 62.8614873942 24.1428980726 4.9 "2011-02-05 02:52:30" 2.87516196835 49.0 56.8584652745 23.0103891001 2.1
42.0 50.9355141531 15.8865020315 8.5 -65.0 52.0 60.7685690848 17.2241387777 5.4 "2011-02-05 02:52:30" 2.99544679887 48.0 56.8280904875 16.6302266564 3.0
54.0 51.2135411567 103.6502429 4.9 28.0 64.0 61.5227023974 107.156892168 4.1 "2011-02-05 02:52:30" 3.18196783652 58.0 55.4004338789 104.798382428 2.9
40.0 47.5806956373 23.026302422 5.4 -59.0 52.0 59.6762432615 24.7438363169 2.9 "2011-02-05 02:52:30" 2.76671242344 49.0 56.6529540168 24.2155081165 2.05
58.0 55.4376080402 103.042804548 4.4 26.0 71.0 68.5272076532 109.957476594 4.0 "2011-02-05 02:52:30" 3.82305332371 65.0 62.5930862385 105.975821139 3.7
57.0 54.2311761809 121.862731515 4.5 47.0 68.0 64.9995644516 125.40798465 3.7 "2011-02-05 02:52:30" 3.07526614302 63.0 60.1636215527 123.410739967 2.3
53.0 50.7222844566 81.7749760134 1.95 3.0 63.0 61.7799318719 86.10849064 2.4 "2011-02-05 02:52:30" 1.38245699665 56.0 54.1661651011 82.8419996185 0.6
55.0 52.8609504307 84.9489991774 4.1 6.0 65.0 63.6432619076 89.7064534703 3.0 "2011-02-05 02:52:30" 2.43186856397 61.0 59.4450115309 87.4743305648 2.5
38.0 48.6427093153 -29.0791488765 10.7 -98.0 51.0 61.1959225719 -30.3522833541 3.9 "2011-02-05 02:52:30" 2.86583418095 48.0 58.3050894648 -29.9830573922 2.1
52.0 49.4961488098 82.2849978379 2.3 4.0 63.0 61.7043170696 86.9120469789 2.4 "2011-02-05 02:52:30" 1.38375256143 56.0 54.1034559479 83.6647395989 0.6
54.0 51.042598127 151.796189779 3.65 78.0 68.0 64.5347526389 153.438970701 4.7 "2011-02-05 02:52:30" 3.29900714862 63.0 59.8376584865 152.62103701 2.7
54.0 51.2185696042 102.750221471 5.0 27.0 64.0 61.553849267 106.311909341 3.7 "2011-02-05 02:52:30" 3.32041203783 59.0 56.454133105 104.257507835 2.9
60.0 57.8001508086 96.0898887576 3.8 17.0 70.0 67.9984731666 102.043978174 3.1 "2011-02-05 02:52:30" 2.74333529938 68.0 66.0056208566 100.49040878 2.5
56.0 52.7466124783 -113.356757118 6.4 -177.0 65.0 62.1058727576 -116.979221822 6.8 "2011-02-05 02:57:30" 6.12497017739 58.0 54.812295066 -113.983984879 5.8
57.0 54.3553090364 -109.706795477 7.0 -172.0 69.0 66.7773643502 -115.889775518 7.35 "2011-02-05 02:57:30" 6.49752759948 61.0 58.4912507843 -111.230055114 6.4
58.0 55.6369585017 -108.467830018 6.7 -170.0 67.0 64.9472013991 -112.947516869 7.8 "2011-02-05 02:57:30" 6.24886154001 62.0 59.7726158282 -110.126906231 6.35
58.0 55.9007026498 -106.872507338 7.15 -168.0 66.0 64.159270019 -110.777800659 7.85 "2011-02-05 02:57:30" 6.48960721219 62.0 60.0274807353 -108.568335679 6.5
57.0 55.1520346217 -104.891757399 7.2 -166.0 63.0 61.3252117106 -107.503386856 7.45 "2011-02-05 02:57:30" 6.75765228794 60.0 58.2324610595 -106.080455845 6.55
50.0 48.2448447373 -101.870792896 8.7 -165.0 62.0 60.43136325 -106.208587191 7.4 "2011-02-05 02:57:30" 6.80473092087 59.0 57.3447505884 -104.858362914 6.5
52.0 50.5364950094 -100.757081319 8.8 -163.0 63.0 61.7414896946 -105.137354211 7.85 "2011-02-05 02:57:30" 6.71073405407 58.0 56.612187894 -102.832823491 6.4
43.0 46.8943280581 -72.2723887641 4.6 -135.0 52.0 55.7080176272 -75.2569121175 5.1 "2011-02-05 02:57:30" 3.88209012072 47.0 50.7872270547 -73.5233579023 3.6
42.0 46.1267891926 -70.9746017488 3.45 -134.0 52.0 55.9104494581 -74.2486934451 5.0 "2011-02-05 02:57:30" 3.73076939065 45.0 49.0356457119 -71.883266464 3.7
42.0 53.2108032945 -14.1449616789 6.1 -87.0 51.0 61.798284975 -14.1801427501 4.7 "2011-02-05 02:57:30" 3.45367909876 48.0 58.9384998662 -14.1369359168 2.9
43.0 54.1661941162 -12.7144718382 5.6 -86.0 52.0 62.7479848671 -12.7003770092 3.8 "2011-02-05 02:57:30" 3.38778390108 48.0 58.9389371054 -12.6732221834 2.9
51.0 61.7885200044 -11.1965012361 3.6 -85.0 56.0 66.5121561156 -11.2457660808 4.45 "2011-02-05 02:57:30" 2.99396702674 54.0 64.6311476952 -11.2143031334 1.65
51.0 61.7693378123 -9.70694358408 3.1 -84.0 57.0 67.4306350691 -9.7086168614 3.15 "2011-02-05 02:57:30" 2.59380407144 54.0 64.6128772491 -9.69290065639 1.65
49.0 59.834786228 -8.26336401561 3.5 -83.0 57.0 67.4051904327 -8.15281294052 1.9 "2011-02-05 02:57:30" 1.76336079621 54.0 64.5855953913 -8.17479365076 1.35
55.0 54.3390994803 70.2487170867 2.0 -12.0 65.0 65.3161428422 75.3247391699 1.1 "2011-02-05 02:57:30" 1.38205579836 58.0 57.7633218273 71.4708136748 1.2
49.0 45.2058038111 -174.09271392 8.1 112.0 59.0 55.1704671939 -174.249548021 6.6 "2011-02-05 02:57:30" 6.39692233126 54.0 50.2157843832 -174.086916766 4.6
45.0 55.2895161904 -31.0352535317 3.8 -99.0 52.0 62.0518345667 -31.9253194561 4.45 "2011-02-05 02:57:30" 2.96034272489 48.0 58.1959817306 -31.3777381533 2.5
45.0 55.4031370502 -29.6687233876 3.8 -98.0 51.0 61.1959225719 -30.3522833541 3.9 "2011-02-05 02:57:30" 2.85598935648 48.0 58.3050894648 -29.9830573922 2.3
38.0 48.7603252989 -27.7657721354 11.0 -97.0 51.0 61.293199691 -28.917722973 3.9 "2011-02-05 02:57:30" 2.79785488592 48.0 58.4065726641 -28.578249047 2.3
51.0 61.5985754206 -3.78808173909 4.5 -80.0 57.0 67.2784074745 -3.51824685702 4.0 "2011-02-05 02:57:30" 3.67058856366 54.0 64.450506336 -3.65092485557 3.3
45.0 55.7145583328 -1.26283521027 5.15 -78.0 55.0 65.265587471 -0.603982688491 3.0 "2011-02-05 02:57:30" 1.83476191795 50.0 60.5020193418 -0.930824287761 2.2
45.0 55.4167948854 2.92925355786 5.0 -75.0 52.0 62.1428956756 3.54154271656 4.2 "2011-02-05 02:57:30" 2.59042062152 49.0 59.2613242637 3.27429482103 2.1
44.0 54.3394335373 4.21842318002 5.75 -74.0 52.0 62.0366734239 4.96794686881 3.95 "2011-02-05 02:57:30" 2.65198466729 49.0 59.1498950294 4.67812480033 2.2
44.0 54.0749232805 6.9401929468 5.7 -72.0 51.0 60.8363457697 7.67131411314 5.1 "2011-02-05 02:57:30" 3.21032998094 48.0 57.9358358554 7.34703045321 2.05
45.0 54.7435883505 9.72834511668 5.0 -70.0 58.0 67.3108037096 11.4538520021 3.2 "2011-02-05 02:57:30" 2.80597611225 49.0 58.6258045194 10.1797500883 3.0
39.0 48.4343360015 13.0026070637 7.7 -67.0 54.0 63.0445702835 14.9135684377 5.6 "2011-02-05 02:57:30" 3.31337118754 47.0 56.1989974189 13.9162856218 2.6
43.0 51.7101034392 17.2631797995 5.15 -64.0 53.0 61.5835661496 18.6871063289 5.05 "2011-02-05 02:57:30" 2.58236157333 48.0 56.6439876665 17.9032565192 2.5
39.0 46.8430123428 21.7211282949 6.5 -60.0 55.0 62.8614873942 24.1428980726 5.1 "2011-02-05 02:57:30" 3.00732785776 49.0 56.8584652745 23.0103891001 2.15
46.0 53.621636426 23.7653213946 3.4 -59.0 55.0 62.6804770982 25.3738782302 5.1 "2011-02-05 02:57:30" 2.98821421149 49.0 56.6529540168 24.2155081165 2.2
45.0 52.3806948549 24.8128207878 4.85 -58.0 62.0 69.4007730648 28.7338305331 4.25 "2011-02-05 02:57:30" 2.85404314614 49.0 56.4432270914 25.4062119921 2.2
47.0 53.9597615653 27.4245196371 4.4 -56.0 56.0 63.1261468926 29.2283292514 4.0 "2011-02-05 02:57:30" 3.11545422503 53.0 60.0947702063 28.5110178992 2.8
48.0 54.7600424957 28.7255949973 4.2 -55.0 57.0 63.944607521 30.6816847981 4.5 "2011-02-05 02:57:30" 2.51381068503 53.0 59.8938950437 29.6710677674 2.25
47.0 53.49102438 29.698511728 4.2 -54.0 57.0 63.7581968875 31.846185495 5.1 "2011-02-05 02:57:30" 2.72506879884 53.0 59.690595035 30.816411783 2.3
51.0 57.4190715816 31.5201595513 2.35 -53.0 58.0 64.5798351497 33.3069001666 5.05 "2011-02-05 02:57:30" 2.60147316676 53.0 59.4851228604 31.9472265222 2.25
45.0 55.7948072946 -2.67519499857 5.2 -79.0 56.0 66.2790124403 -2.04491694148 3.6 "2011-02-05 02:57:30" 2.68325456747 50.0 60.5776808165 -2.3795108629 2.25
45.0 54.5844853519 11.0553811119 4.95 -69.0 57.0 66.2269651382 12.6885703243 4.8 "2011-02-05 02:57:30" 3.25537286369 48.0 57.5024270258 11.4026099929 2.7
45.0 54.4177699092 12.3705445608 4.7 -68.0 57.0 66.0921873329 14.0791937779 4.8 "2011-02-05 02:57:30" 3.21250411223 48.0 57.3436624161 12.7293904784 2.5
53.0 50.4478961996 86.786928914 3.0 9.0 64.0 62.4020341069 91.5062020021 2.6 "2011-02-05 02:57:30" 1.58801763239 56.0 53.8326353657 87.8101231698 0.2
53.0 50.4127286202 87.632054292 2.5 10.0 65.0 63.3712546009 92.9061636749 2.75 "2011-02-05 02:57:30" 1.40337736637 56.0 53.7865540092 88.6462630788 0.2
54.0 51.5124915601 88.797939249 1.45 11.0 65.0 63.3085048268 93.7090913323 2.6 "2011-02-05 02:57:30" 1.90613764065 56.0 53.7430061668 89.4849695826 1.45
44.0 54.2115487994 5.58422726047 5.5 -73.0 51.0 60.9596712495 6.27632649294 3.8 "2011-02-05 02:57:30" 3.04274633661 49.0 59.0303733783 6.07110781709 2.1
55.0 54.1886567603 -98.3771279523 8.5 -159.0 63.0 62.3333536176 -101.926849707 8.3 "2011-02-05 02:57:30" 6.86166430454 59.0 58.2510219442 -99.9617238703 6.5
55.0 54.3533133528 -97.5302733802 8.5 -158.0 63.0 62.4875642022 -101.112768427 8.2 "2011-02-05 02:57:30" 7.06937593979 59.0 58.4113910797 -99.1309150333 6.6
42.0 49.7968848302 -50.621522003 2.7 -115.0 48.0 55.7057526107 -52.0577851137 3.0 "2011-02-05 02:57:30" 2.5384248376 44.0 51.7643696038 -51.0780496035 2.3
41.0 49.1814597864 -48.0862269983 2.5 -113.0 48.0 56.0701332358 -49.6475305077 3.0 "2011-02-05 02:57:30" 2.41266251869 44.0 52.1310670357 -48.7235511986 2.3
43.0 54.1260628379 -16.973766678 5.1 -89.0 49.0 59.8632419301 -17.0906375679 4.5 "2011-02-05 02:57:30" 3.59463307322 47.0 57.951460555 -17.0365381044 2.9
42.0 53.1965609925 -15.5569024695 6.1 -88.0 50.0 60.8367588591 -15.6437110845 4.5 "2011-02-05 02:57:30" 3.40785481942 47.0 57.9723759897 -15.5842116923 2.7
48.0 54.0609021854 32.078326177 5.3 -52.0 57.0 63.3802749763 34.1295385836 5.0 "2011-02-05 02:57:30" 2.80213953581 52.0 58.2413735396 32.839808221 2.2
54.0 52.7000860743 -100.552864747 7.65 -162.0 63.0 61.8856039779 -104.341145591 8.2 "2011-02-05 02:57:30" 6.7069278342 58.0 56.7630976148 -102.01463079 6.4
54.0 52.8574002172 -99.7136012765 8.3 -161.0 62.0 61.0085400904 -103.012892346 7.8 "2011-02-05 02:57:30" 6.70415527728 58.0 56.9167690204 -101.192578834 6.2
55.0 59.8790186003 -70.2183751773 4.35 -129.0 61.0 65.7477223849 -73.0379010992 5.4 "2011-02-05 02:57:30" 2.80662741174 58.0 62.825235343 -71.5183298063 1.6
37.0 45.8052847596 -43.8261949689 3.0 -110.0 46.0 54.6310941819 -45.5113493015 2.95 "2011-02-05 02:57:30" 2.56609589654 40.0 48.7379674881 -44.3537624757 2.2
36.0 45.0077220816 -42.4884540109 2.6 -109.0 43.0 51.8548654598 -43.6912091182 3.1 "2011-02-05 02:57:30" 2.36840863147 38.0 46.9573240466 -42.8165235125 2.2
54.0 51.827017794 82.9393965688 3.1 4.0 64.0 62.7521616678 87.4928812621 2.4 "2011-02-05 02:57:30" 1.84342067799 57.0 55.2223478407 84.0565665886 0.5
56.0 53.2441850037 115.109243631 2.7 40.0 69.0 66.1109329931 119.953984703 3.9 "2011-02-05 02:57:30" 3.37461045192 59.0 56.2712172156 115.85205245 2.9
58.0 55.7673055109 -107.671461186 7.2 -169.0 66.0 64.0358843081 -111.538639343 7.8 "2011-02-05 02:57:30" 6.33958865404 62.0 59.8985868705 -109.348950244 6.4
58.0 56.0371166129 -106.070796121 7.15 -167.0 64.0 62.2242764093 -108.820813166 7.4 "2011-02-05 02:57:30" 6.76388327689 60.0 58.0952927057 -106.876072894 6.45
51.0 49.3866049908 -101.305430639 8.2 -164.0 62.0 60.5715998372 -105.41536784 7.2 "2011-02-05 02:57:30" 6.69002860096 58.0 56.4640896825 -103.647349384 6.4
55.0 54.0266358783 -99.2198174955 8.1 -160.0 62.0 61.1594366859 -102.203743908 7.9 "2011-02-05 02:57:30" 6.69700421799 59.0 58.0932231105 -100.78798809 6.4
55.0 60.0786820356 -69.1465803607 4.05 -128.0 62.0 66.904812359 -72.5242378239 5.8 "2011-02-05 02:57:30" 2.59667700245 58.0 63.021876418 -70.4398584784 1.7
49.0 58.070416751 -42.3182156039 3.7 -107.0 55.0 63.8932404583 -43.7228346225 4.75 "2011-02-05 02:57:30" 2.57293544589 52.0 60.9941347568 -42.9695137717 1.9
48.0 57.2492051942 -40.8190478749 4.25 -106.0 55.0 64.0405296328 -42.3590988123 4.6 "2011-02-05 02:57:30" 2.90145975318 51.0 60.1748343141 -41.416733462 2.35
46.0 56.1395459051 -32.5093429977 3.85 -100.0 52.0 61.9413273349 -33.3489537895 4.45 "2011-02-05 02:57:30" 3.06048259672 49.0 59.0479298698 -32.8971734352 2.2
57.0 54.4803866301 -108.910425378 7.0 -171.0 68.0 65.8612808488 -114.396083011 7.4 "2011-02-05 02:57:30" 6.31541664401 61.0 58.6123829198 -110.452199707 6.1
37.0 46.980797097 -35.3733912747 3.0 -103.0 44.0 53.7905496606 -36.2513290786 3.6 "2011-02-05 02:57:30" 3.02467174323 39.0 48.9207805868 -35.6087303211 2.9
47.0 56.9852180433 -33.9961117617 3.8 -101.0 52.0 61.8239823577 -34.7610660423 4.4 "2011-02-05 02:57:30" 3.2646977307 49.0 58.926133064 -34.2795520401 2.35
45.0 55.6246711875 0.142500386423 5.35 -77.0 52.0 62.331455598 0.656300522131 2.25 "2011-02-05 02:57:30" 2.15267143022 49.0 59.4589370842 0.436561296021 1.7
45.0 55.5253459344 1.54008877643 4.85 -76.0 52.0 62.2412341368 2.10409853293 4.2 "2011-02-05 02:57:30" 2.5187843154 49.0 59.3644164791 1.8602211423 2.1
42.0 52.7134696401 -26.6877098169 6.8 -96.0 51.0 61.3826853962 -27.47353809 3.5 "2011-02-05 02:57:30" 2.85831582634 48.0 58.5000934984 -27.1639288285 2.3
50.0 46.8937597942 99.0883043276 6.0 24.0 55.0 52.3105527835 100.351702488 5.3 "2011-02-05 02:57:30" 2.9808427716 52.0 49.0806083527 99.5517206437 0.9
44.0 53.9297811006 8.2858294209 5.6 -71.0 50.0 59.7372199042 8.93649500016 3.05 "2011-02-05 02:57:30" 3.33640016345 48.0 57.7987726386 8.71105934293 2.6
49.0 54.4088039615 35.4847294086 3.8 -49.0 58.0 63.829698386 37.7768266155 3.9 "2011-02-05 02:57:30" 2.62904935981 52.0 57.5941635727 36.0959732716 2.1
44.0 54.9718177244 -5.5671799041 4.8 -81.0 57.0 67.3289743913 -5.05653035804 3.95 "2011-02-05 02:57:30" 3.13202873807 50.0 60.7017264457 -5.29859375726 2.3
43.0 54.0700411516 -7.03301614676 5.0 -82.0 57.0 67.371273122 -6.60174553748 1.9 "2011-02-05 02:57:30" 2.57010923928 54.0 64.5493722226 -6.66106484528 3.1
42.0 51.1342978707 14.6142883195 8.0 -66.0 53.0 61.9132352051 16.0787792662 5.2 "2011-02-05 02:57:30" 3.3321079498 47.0 56.0239822182 15.2129059761 2.7
38.0 47.0605414466 15.444293063 8.4 -65.0 53.0 61.7509328354 17.3904968213 5.1 "2011-02-05 02:57:30" 2.92962468021 48.0 56.8280904875 16.6302266564 3.0
43.0 51.5003958411 18.5116919649 6.6 -63.0 54.0 62.3983016769 20.1562369673 3.9 "2011-02-05 02:57:30" 2.44642625857 48.0 56.4541801549 19.1623776252 1.85
52.0 49.0869951731 103.170158672 3.7 28.0 62.0 59.5019916383 106.266075855 3.65 "2011-02-05 02:57:30" 3.16070698634 58.0 55.4004338789 104.798382428 2.9
55.0 51.8304155769 -112.273974741 6.3 -176.0 65.0 62.2079658443 -116.229172175 6.9 "2011-02-05 02:57:30" 6.15982072245 57.0 53.8867606921 -112.873036081 6.1
49.0 45.8224728466 100.704231905 4.6 26.0 54.0 51.2247095788 101.853495422 5.6 "2011-02-05 02:57:30" 3.26253723705 52.0 49.0817097195 101.354018895 1.8
50.0 46.8710383892 96.3857912901 4.55 21.0 56.0 53.4306826487 98.0276534344 3.3 "2011-02-05 02:57:30" 3.17364885525 53.0 50.1858644485 97.1397737175 2.7
54.0 51.2095372337 104.553537833 3.2 29.0 59.0 56.414352533 106.00829808 4.8 "2011-02-05 02:57:30" 3.53676031483 57.0 54.3480652752 105.372843597 3.2
57.0 54.2373731141 119.985496302 4.5 45.0 67.0 64.0769482672 123.190225013 3.7 "2011-02-05 02:57:30" 2.80104698973 63.0 60.1873665373 121.602549175 2.4
55.0 53.0318438042 82.4678416923 2.95 3.0 65.0 63.8700736261 87.3157659315 2.5 "2011-02-05 02:57:30" 2.2331546863 63.0 61.7799318719 86.10849064 2.5
52.0 49.3292196081 85.6347868064 2.7 8.0 62.0 60.3748066247 89.604273382 2.5 "2011-02-05 02:57:30" 2.13266663391 59.0 57.1727140124 88.1828147046 2.0
39.0 47.4018895081 -46.5229946282 3.3 -112.0 55.0 63.0915003243 -50.3255471746 6.5 "2011-02-05 02:57:30" 2.4401660187 43.0 51.3275431028 -47.3198099837 2.3
47.0 56.8538999706 -35.3480570403 4.0 -102.0 52.0 61.7001138998 -36.1611779408 3.8 "2011-02-05 02:57:30" 3.3984652158 49.0 58.7977892487 -35.6502647565 2.7
38.0 46.6034173284 -45.1710409389 3.2 -111.0 48.0 56.4240916494 -47.1882732235 3.1 "2011-02-05 02:57:30" 2.49822588858 43.0 51.5058998602 -46.1217750719 2.6
54.0 51.4182949865 91.3512139519 2.95 14.0 63.0 61.0722945338 95.0141577259 2.85 "2011-02-05 02:57:30" 2.19187139834 57.0 54.7163471825 92.3775333278 1.7
55.0 52.8099001629 85.7806156291 4.1 7.0 64.0 62.5354356313 89.8977403308 2.4 "2011-02-05 02:57:30" 2.48021941859 62.0 60.4396526003 88.7927319807 2.5
54.0 51.3916535391 92.2084710348 3.5 15.0 62.0 59.9825968659 95.3324999591 2.85 "2011-02-05 02:57:30" 2.21370921696 57.0 54.6789535418 93.2232760127 1.7
54.0 51.2185696042 102.750221471 4.9 27.0 62.0 59.5293064459 105.409099861 3.65 "2011-02-05 02:57:30" 3.15221153115 58.0 55.4183550157 103.919069647 2.9
49.0 45.8061471675 99.7879870704 4.95 25.0 54.0 51.2320495416 100.960082199 5.2 "2011-02-05 02:57:30" 2.83157812165 52.0 49.0805835502 100.451125672 0.9
