dst_bin sapsMLT sapsLat normMLT normLAT dataCount maxCount MLT probOcc
"(-150, -75]" 0.0 51.5 0.0 -6.0 1 333 0 0.003003003003
"(-150, -75]" 0.0 52.5 0.0 -5.0 22 333 0 0.0660660660661
"(-150, -75]" 0.0 53.5 0.0 -4.0 26 333 0 0.0780780780781
"(-150, -75]" 0.0 54.5 0.0 -3.0 36 333 0 0.108108108108
"(-150, -75]" 0.0 55.5 0.0 -2.0 50 333 0 0.15015015015
"(-150, -75]" 0.0 56.5 0.0 -1.0 29 333 0 0.0870870870871
"(-150, -75]" 0.0 57.5 0.0 0.0 30 333 0 0.0900900900901
"(-150, -75]" 0.0 58.5 0.0 1.0 19 333 0 0.0570570570571
"(-150, -75]" 0.0 59.5 0.0 2.0 2 333 0 0.00600600600601
"(-150, -75]" 1.0 51.5 1.0 -6.0 2 333 1 0.00600600600601
"(-150, -75]" 1.0 52.5 1.0 -5.0 22 333 1 0.0660660660661
"(-150, -75]" 1.0 53.5 1.0 -4.0 49 333 1 0.147147147147
"(-150, -75]" 1.0 54.5 1.0 -3.0 74 333 1 0.222222222222
"(-150, -75]" 1.0 55.5 1.0 -2.0 80 333 1 0.24024024024
"(-150, -75]" 1.0 56.5 1.0 -1.0 82 333 1 0.246246246246
"(-150, -75]" 1.0 57.5 1.0 0.0 50 333 1 0.15015015015
"(-150, -75]" 1.0 58.5 1.0 1.0 25 333 1 0.0750750750751
"(-150, -75]" 1.0 59.5 1.0 2.0 12 333 1 0.036036036036
"(-150, -75]" 2.0 50.5 2.0 -7.0 2 333 2 0.00600600600601
"(-150, -75]" 2.0 51.5 2.0 -6.0 12 333 2 0.036036036036
"(-150, -75]" 2.0 52.5 2.0 -5.0 37 333 2 0.111111111111
"(-150, -75]" 2.0 53.5 2.0 -4.0 45 333 2 0.135135135135
"(-150, -75]" 2.0 54.5 2.0 -3.0 44 333 2 0.132132132132
"(-150, -75]" 2.0 55.5 2.0 -2.0 52 333 2 0.156156156156
"(-150, -75]" 2.0 56.5 2.0 -1.0 47 333 2 0.141141141141
"(-150, -75]" 2.0 57.5 2.0 0.0 33 333 2 0.0990990990991
"(-150, -75]" 2.0 58.5 2.0 1.0 24 333 2 0.0720720720721
"(-150, -75]" 2.0 59.5 2.0 2.0 9 333 2 0.027027027027
"(-150, -75]" 3.0 50.5 3.0 -7.0 5 333 3 0.015015015015
"(-150, -75]" 3.0 51.5 3.0 -6.0 3 333 3 0.00900900900901
"(-150, -75]" 3.0 52.5 3.0 -5.0 10 333 3 0.03003003003
"(-150, -75]" 3.0 53.5 3.0 -4.0 12 333 3 0.036036036036
"(-150, -75]" 3.0 54.5 3.0 -3.0 24 333 3 0.0720720720721
"(-150, -75]" 3.0 55.5 3.0 -2.0 24 333 3 0.0720720720721
"(-150, -75]" 3.0 56.5 3.0 -1.0 20 333 3 0.0600600600601
"(-150, -75]" 3.0 57.5 3.0 0.0 6 333 3 0.018018018018
"(-150, -75]" 3.0 58.5 3.0 1.0 6 333 3 0.018018018018
"(-150, -75]" 3.0 59.5 3.0 2.0 1 333 3 0.003003003003
"(-150, -75]" 4.0 50.5 4.0 -7.0 2 333 4 0.00600600600601
"(-150, -75]" 4.0 51.5 4.0 -6.0 4 333 4 0.012012012012
"(-150, -75]" 4.0 52.5 4.0 -5.0 9 333 4 0.027027027027
"(-150, -75]" 4.0 54.5 4.0 -3.0 1 333 4 0.003003003003
"(-150, -75]" 4.0 55.5 4.0 -2.0 6 333 4 0.018018018018
"(-150, -75]" 4.0 56.5 4.0 -1.0 11 333 4 0.033033033033
"(-150, -75]" 4.0 57.5 4.0 0.0 12 333 4 0.036036036036
"(-150, -75]" 4.0 58.5 4.0 1.0 8 333 4 0.024024024024
"(-150, -75]" 5.0 50.5 5.0 -7.0 9 333 5 0.027027027027
"(-150, -75]" 5.0 51.5 5.0 -6.0 5 333 5 0.015015015015
"(-150, -75]" 5.0 56.5 5.0 -1.0 3 333 5 0.00900900900901
"(-150, -75]" 5.0 57.5 5.0 0.0 7 333 5 0.021021021021
"(-150, -75]" 5.0 58.5 5.0 1.0 3 333 5 0.00900900900901
"(-150, -75]" 6.0 50.5 6.0 -7.0 2 333 6 0.00600600600601
"(-150, -75]" 12.0 62.5 -12.0 5.0 1 333 12 0.003003003003
"(-150, -75]" 13.0 59.5 -11.0 2.0 1 333 13 0.003003003003
"(-150, -75]" 13.0 62.5 -11.0 5.0 2 333 13 0.00600600600601
"(-150, -75]" 13.0 63.5 -11.0 6.0 1 333 13 0.003003003003
"(-150, -75]" 14.0 57.5 -10.0 0.0 2 333 14 0.00600600600601
"(-150, -75]" 14.0 59.5 -10.0 2.0 2 333 14 0.00600600600601
"(-150, -75]" 14.0 60.5 -10.0 3.0 6 333 14 0.018018018018
"(-150, -75]" 14.0 61.5 -10.0 4.0 5 333 14 0.015015015015
"(-150, -75]" 14.0 62.5 -10.0 5.0 4 333 14 0.012012012012
"(-150, -75]" 14.0 63.5 -10.0 6.0 9 333 14 0.027027027027
"(-150, -75]" 14.0 64.5 -10.0 7.0 7 333 14 0.021021021021
"(-150, -75]" 15.0 55.5 -9.0 -2.0 3 333 15 0.00900900900901
"(-150, -75]" 15.0 56.5 -9.0 -1.0 9 333 15 0.027027027027
"(-150, -75]" 15.0 57.5 -9.0 0.0 17 333 15 0.0510510510511
"(-150, -75]" 15.0 58.5 -9.0 1.0 23 333 15 0.0690690690691
"(-150, -75]" 15.0 59.5 -9.0 2.0 22 333 15 0.0660660660661
"(-150, -75]" 15.0 60.5 -9.0 3.0 22 333 15 0.0660660660661
"(-150, -75]" 15.0 61.5 -9.0 4.0 24 333 15 0.0720720720721
"(-150, -75]" 15.0 62.5 -9.0 5.0 11 333 15 0.033033033033
"(-150, -75]" 15.0 63.5 -9.0 6.0 4 333 15 0.012012012012
"(-150, -75]" 15.0 64.5 -9.0 7.0 9 333 15 0.027027027027
"(-150, -75]" 16.0 52.5 -8.0 -5.0 1 333 16 0.003003003003
"(-150, -75]" 16.0 54.5 -8.0 -3.0 10 333 16 0.03003003003
"(-150, -75]" 16.0 55.5 -8.0 -2.0 17 333 16 0.0510510510511
"(-150, -75]" 16.0 56.5 -8.0 -1.0 17 333 16 0.0510510510511
"(-150, -75]" 16.0 57.5 -8.0 0.0 23 333 16 0.0690690690691
"(-150, -75]" 16.0 58.5 -8.0 1.0 31 333 16 0.0930930930931
"(-150, -75]" 16.0 59.5 -8.0 2.0 39 333 16 0.117117117117
"(-150, -75]" 16.0 60.5 -8.0 3.0 48 333 16 0.144144144144
"(-150, -75]" 16.0 61.5 -8.0 4.0 28 333 16 0.0840840840841
"(-150, -75]" 16.0 62.5 -8.0 5.0 26 333 16 0.0780780780781
"(-150, -75]" 16.0 63.5 -8.0 6.0 16 333 16 0.048048048048
"(-150, -75]" 16.0 64.5 -8.0 7.0 12 333 16 0.036036036036
"(-150, -75]" 17.0 51.5 -7.0 -6.0 9 333 17 0.027027027027
"(-150, -75]" 17.0 52.5 -7.0 -5.0 28 333 17 0.0840840840841
"(-150, -75]" 17.0 53.5 -7.0 -4.0 6 333 17 0.018018018018
"(-150, -75]" 17.0 54.5 -7.0 -3.0 25 333 17 0.0750750750751
"(-150, -75]" 17.0 55.5 -7.0 -2.0 61 333 17 0.183183183183
"(-150, -75]" 17.0 56.5 -7.0 -1.0 108 333 17 0.324324324324
"(-150, -75]" 17.0 57.5 -7.0 0.0 101 333 17 0.303303303303
"(-150, -75]" 17.0 58.5 -7.0 1.0 101 333 17 0.303303303303
"(-150, -75]" 17.0 59.5 -7.0 2.0 120 333 17 0.36036036036
"(-150, -75]" 17.0 60.5 -7.0 3.0 112 333 17 0.336336336336
"(-150, -75]" 17.0 61.5 -7.0 4.0 53 333 17 0.159159159159
"(-150, -75]" 17.0 62.5 -7.0 5.0 44 333 17 0.132132132132
"(-150, -75]" 17.0 63.5 -7.0 6.0 15 333 17 0.045045045045
"(-150, -75]" 17.0 64.5 -7.0 7.0 6 333 17 0.018018018018
"(-150, -75]" 18.0 51.5 -6.0 -6.0 30 333 18 0.0900900900901
"(-150, -75]" 18.0 52.5 -6.0 -5.0 67 333 18 0.201201201201
"(-150, -75]" 18.0 53.5 -6.0 -4.0 35 333 18 0.105105105105
"(-150, -75]" 18.0 54.5 -6.0 -3.0 63 333 18 0.189189189189
"(-150, -75]" 18.0 55.5 -6.0 -2.0 150 333 18 0.45045045045
"(-150, -75]" 18.0 56.5 -6.0 -1.0 219 333 18 0.657657657658
"(-150, -75]" 18.0 57.5 -6.0 0.0 218 333 18 0.654654654655
"(-150, -75]" 18.0 58.5 -6.0 1.0 204 333 18 0.612612612613
"(-150, -75]" 18.0 59.5 -6.0 2.0 143 333 18 0.429429429429
"(-150, -75]" 18.0 60.5 -6.0 3.0 98 333 18 0.294294294294
"(-150, -75]" 18.0 61.5 -6.0 4.0 72 333 18 0.216216216216
"(-150, -75]" 18.0 62.5 -6.0 5.0 37 333 18 0.111111111111
"(-150, -75]" 18.0 63.5 -6.0 6.0 17 333 18 0.0510510510511
"(-150, -75]" 18.0 64.5 -6.0 7.0 9 333 18 0.027027027027
"(-150, -75]" 19.0 51.5 -5.0 -6.0 9 333 19 0.027027027027
"(-150, -75]" 19.0 52.5 -5.0 -5.0 35 333 19 0.105105105105
"(-150, -75]" 19.0 53.5 -5.0 -4.0 65 333 19 0.195195195195
"(-150, -75]" 19.0 54.5 -5.0 -3.0 182 333 19 0.546546546547
"(-150, -75]" 19.0 55.5 -5.0 -2.0 261 333 19 0.783783783784
"(-150, -75]" 19.0 56.5 -5.0 -1.0 290 333 19 0.870870870871
"(-150, -75]" 19.0 57.5 -5.0 0.0 270 333 19 0.810810810811
"(-150, -75]" 19.0 58.5 -5.0 1.0 192 333 19 0.576576576577
"(-150, -75]" 19.0 59.5 -5.0 2.0 119 333 19 0.357357357357
"(-150, -75]" 19.0 60.5 -5.0 3.0 101 333 19 0.303303303303
"(-150, -75]" 19.0 61.5 -5.0 4.0 41 333 19 0.123123123123
"(-150, -75]" 19.0 62.5 -5.0 5.0 11 333 19 0.033033033033
"(-150, -75]" 19.0 63.5 -5.0 6.0 2 333 19 0.00600600600601
"(-150, -75]" 20.0 50.5 -4.0 -7.0 2 333 20 0.00600600600601
"(-150, -75]" 20.0 51.5 -4.0 -6.0 22 333 20 0.0660660660661
"(-150, -75]" 20.0 52.5 -4.0 -5.0 71 333 20 0.213213213213
"(-150, -75]" 20.0 53.5 -4.0 -4.0 181 333 20 0.543543543544
"(-150, -75]" 20.0 54.5 -4.0 -3.0 328 333 20 0.984984984985
"(-150, -75]" 20.0 55.5 -4.0 -2.0 333 333 20 1.0
"(-150, -75]" 20.0 56.5 -4.0 -1.0 333 333 20 1.0
"(-150, -75]" 20.0 57.5 -4.0 0.0 278 333 20 0.834834834835
"(-150, -75]" 20.0 58.5 -4.0 1.0 181 333 20 0.543543543544
"(-150, -75]" 20.0 59.5 -4.0 2.0 95 333 20 0.285285285285
"(-150, -75]" 20.0 60.5 -4.0 3.0 51 333 20 0.153153153153
"(-150, -75]" 20.0 61.5 -4.0 4.0 9 333 20 0.027027027027
"(-150, -75]" 20.0 62.5 -4.0 5.0 1 333 20 0.003003003003
"(-150, -75]" 21.0 50.5 -3.0 -7.0 1 333 21 0.003003003003
"(-150, -75]" 21.0 51.5 -3.0 -6.0 17 333 21 0.0510510510511
"(-150, -75]" 21.0 52.5 -3.0 -5.0 65 333 21 0.195195195195
"(-150, -75]" 21.0 53.5 -3.0 -4.0 178 333 21 0.534534534535
"(-150, -75]" 21.0 54.5 -3.0 -3.0 268 333 21 0.804804804805
"(-150, -75]" 21.0 55.5 -3.0 -2.0 274 333 21 0.822822822823
"(-150, -75]" 21.0 56.5 -3.0 -1.0 298 333 21 0.894894894895
"(-150, -75]" 21.0 57.5 -3.0 0.0 220 333 21 0.660660660661
"(-150, -75]" 21.0 58.5 -3.0 1.0 124 333 21 0.372372372372
"(-150, -75]" 21.0 59.5 -3.0 2.0 83 333 21 0.249249249249
"(-150, -75]" 21.0 60.5 -3.0 3.0 53 333 21 0.159159159159
"(-150, -75]" 21.0 61.5 -3.0 4.0 16 333 21 0.048048048048
"(-150, -75]" 21.0 62.5 -3.0 5.0 5 333 21 0.015015015015
"(-150, -75]" 21.0 63.5 -3.0 6.0 2 333 21 0.00600600600601
"(-150, -75]" 22.0 51.5 -2.0 -6.0 21 333 22 0.0630630630631
"(-150, -75]" 22.0 52.5 -2.0 -5.0 61 333 22 0.183183183183
"(-150, -75]" 22.0 53.5 -2.0 -4.0 134 333 22 0.402402402402
"(-150, -75]" 22.0 54.5 -2.0 -3.0 199 333 22 0.597597597598
"(-150, -75]" 22.0 55.5 -2.0 -2.0 223 333 22 0.66966966967
"(-150, -75]" 22.0 56.5 -2.0 -1.0 228 333 22 0.684684684685
"(-150, -75]" 22.0 57.5 -2.0 0.0 130 333 22 0.39039039039
"(-150, -75]" 22.0 58.5 -2.0 1.0 106 333 22 0.318318318318
"(-150, -75]" 22.0 59.5 -2.0 2.0 51 333 22 0.153153153153
"(-150, -75]" 22.0 60.5 -2.0 3.0 23 333 22 0.0690690690691
"(-150, -75]" 22.0 61.5 -2.0 4.0 11 333 22 0.033033033033
"(-150, -75]" 22.0 62.5 -2.0 5.0 5 333 22 0.015015015015
"(-150, -75]" 22.0 63.5 -2.0 6.0 1 333 22 0.003003003003
"(-150, -75]" 22.0 64.5 -2.0 7.0 2 333 22 0.00600600600601
"(-150, -75]" 23.0 50.5 -1.0 -7.0 1 333 23 0.003003003003
"(-150, -75]" 23.0 51.5 -1.0 -6.0 35 333 23 0.105105105105
"(-150, -75]" 23.0 52.5 -1.0 -5.0 92 333 23 0.276276276276
"(-150, -75]" 23.0 53.5 -1.0 -4.0 110 333 23 0.33033033033
"(-150, -75]" 23.0 54.5 -1.0 -3.0 153 333 23 0.459459459459
"(-150, -75]" 23.0 55.5 -1.0 -2.0 114 333 23 0.342342342342
"(-150, -75]" 23.0 56.5 -1.0 -1.0 93 333 23 0.279279279279
"(-150, -75]" 23.0 57.5 -1.0 0.0 85 333 23 0.255255255255
"(-150, -75]" 23.0 58.5 -1.0 1.0 60 333 23 0.18018018018
"(-150, -75]" 23.0 59.5 -1.0 2.0 29 333 23 0.0870870870871
"(-150, -75]" 23.0 60.5 -1.0 3.0 16 333 23 0.048048048048
"(-150, -75]" 23.0 61.5 -1.0 4.0 7 333 23 0.021021021021
"(-75, -50]" 0.0 50.5 0.0 -7.0 2 610 0 0.00327868852459
"(-75, -50]" 0.0 51.5 0.0 -6.0 8 610 0 0.0131147540984
"(-75, -50]" 0.0 52.5 0.0 -5.0 9 610 0 0.0147540983607
"(-75, -50]" 0.0 53.5 0.0 -4.0 21 610 0 0.0344262295082
"(-75, -50]" 0.0 54.5 0.0 -3.0 49 610 0 0.0803278688525
"(-75, -50]" 0.0 55.5 0.0 -2.0 70 610 0 0.114754098361
"(-75, -50]" 0.0 56.5 0.0 -1.0 83 610 0 0.13606557377
"(-75, -50]" 0.0 57.5 0.0 0.0 91 610 0 0.149180327869
"(-75, -50]" 0.0 58.5 0.0 1.0 75 610 0 0.122950819672
"(-75, -50]" 0.0 59.5 0.0 2.0 40 610 0 0.0655737704918
"(-75, -50]" 0.0 60.5 0.0 3.0 6 610 0 0.00983606557377
"(-75, -50]" 0.0 61.5 0.0 4.0 1 610 0 0.0016393442623
"(-75, -50]" 0.0 62.5 0.0 5.0 2 610 0 0.00327868852459
"(-75, -50]" 0.0 63.5 0.0 6.0 1 610 0 0.0016393442623
"(-75, -50]" 1.0 50.5 1.0 -7.0 11 610 1 0.0180327868852
"(-75, -50]" 1.0 51.5 1.0 -6.0 17 610 1 0.027868852459
"(-75, -50]" 1.0 52.5 1.0 -5.0 9 610 1 0.0147540983607
"(-75, -50]" 1.0 53.5 1.0 -4.0 11 610 1 0.0180327868852
"(-75, -50]" 1.0 54.5 1.0 -3.0 81 610 1 0.132786885246
"(-75, -50]" 1.0 55.5 1.0 -2.0 118 610 1 0.193442622951
"(-75, -50]" 1.0 56.5 1.0 -1.0 102 610 1 0.167213114754
"(-75, -50]" 1.0 57.5 1.0 0.0 87 610 1 0.14262295082
"(-75, -50]" 1.0 58.5 1.0 1.0 70 610 1 0.114754098361
"(-75, -50]" 1.0 59.5 1.0 2.0 48 610 1 0.0786885245902
"(-75, -50]" 1.0 60.5 1.0 3.0 21 610 1 0.0344262295082
"(-75, -50]" 1.0 61.5 1.0 4.0 2 610 1 0.00327868852459
"(-75, -50]" 1.0 62.5 1.0 5.0 1 610 1 0.0016393442623
"(-75, -50]" 2.0 50.5 2.0 -7.0 17 610 2 0.027868852459
"(-75, -50]" 2.0 51.5 2.0 -6.0 28 610 2 0.0459016393443
"(-75, -50]" 2.0 52.5 2.0 -5.0 26 610 2 0.0426229508197
"(-75, -50]" 2.0 53.5 2.0 -4.0 31 610 2 0.0508196721311
"(-75, -50]" 2.0 54.5 2.0 -3.0 83 610 2 0.13606557377
"(-75, -50]" 2.0 55.5 2.0 -2.0 89 610 2 0.145901639344
"(-75, -50]" 2.0 56.5 2.0 -1.0 64 610 2 0.104918032787
"(-75, -50]" 2.0 57.5 2.0 0.0 51 610 2 0.083606557377
"(-75, -50]" 2.0 58.5 2.0 1.0 44 610 2 0.072131147541
"(-75, -50]" 2.0 59.5 2.0 2.0 36 610 2 0.0590163934426
"(-75, -50]" 2.0 60.5 2.0 3.0 14 610 2 0.0229508196721
"(-75, -50]" 2.0 61.5 2.0 4.0 1 610 2 0.0016393442623
"(-75, -50]" 3.0 50.5 3.0 -7.0 17 610 3 0.027868852459
"(-75, -50]" 3.0 51.5 3.0 -6.0 24 610 3 0.0393442622951
"(-75, -50]" 3.0 52.5 3.0 -5.0 33 610 3 0.0540983606557
"(-75, -50]" 3.0 53.5 3.0 -4.0 25 610 3 0.0409836065574
"(-75, -50]" 3.0 54.5 3.0 -3.0 41 610 3 0.0672131147541
"(-75, -50]" 3.0 55.5 3.0 -2.0 43 610 3 0.0704918032787
"(-75, -50]" 3.0 56.5 3.0 -1.0 25 610 3 0.0409836065574
"(-75, -50]" 3.0 57.5 3.0 0.0 26 610 3 0.0426229508197
"(-75, -50]" 3.0 58.5 3.0 1.0 23 610 3 0.0377049180328
"(-75, -50]" 3.0 59.5 3.0 2.0 6 610 3 0.00983606557377
"(-75, -50]" 3.0 60.5 3.0 3.0 3 610 3 0.00491803278689
"(-75, -50]" 4.0 50.5 4.0 -7.0 12 610 4 0.0196721311475
"(-75, -50]" 4.0 51.5 4.0 -6.0 13 610 4 0.0213114754098
"(-75, -50]" 4.0 52.5 4.0 -5.0 21 610 4 0.0344262295082
"(-75, -50]" 4.0 53.5 4.0 -4.0 8 610 4 0.0131147540984
"(-75, -50]" 4.0 54.5 4.0 -3.0 15 610 4 0.0245901639344
"(-75, -50]" 4.0 55.5 4.0 -2.0 19 610 4 0.0311475409836
"(-75, -50]" 4.0 56.5 4.0 -1.0 20 610 4 0.0327868852459
"(-75, -50]" 4.0 57.5 4.0 0.0 25 610 4 0.0409836065574
"(-75, -50]" 4.0 58.5 4.0 1.0 12 610 4 0.0196721311475
"(-75, -50]" 4.0 59.5 4.0 2.0 13 610 4 0.0213114754098
"(-75, -50]" 4.0 60.5 4.0 3.0 8 610 4 0.0131147540984
"(-75, -50]" 4.0 61.5 4.0 4.0 2 610 4 0.00327868852459
"(-75, -50]" 5.0 50.5 5.0 -7.0 7 610 5 0.0114754098361
"(-75, -50]" 5.0 51.5 5.0 -6.0 10 610 5 0.016393442623
"(-75, -50]" 5.0 52.5 5.0 -5.0 1 610 5 0.0016393442623
"(-75, -50]" 5.0 53.5 5.0 -4.0 1 610 5 0.0016393442623
"(-75, -50]" 5.0 54.5 5.0 -3.0 4 610 5 0.00655737704918
"(-75, -50]" 5.0 55.5 5.0 -2.0 6 610 5 0.00983606557377
"(-75, -50]" 5.0 56.5 5.0 -1.0 3 610 5 0.00491803278689
"(-75, -50]" 5.0 57.5 5.0 0.0 3 610 5 0.00491803278689
"(-75, -50]" 6.0 50.5 6.0 -7.0 3 610 6 0.00491803278689
"(-75, -50]" 6.0 51.5 6.0 -6.0 4 610 6 0.00655737704918
"(-75, -50]" 12.0 64.5 -12.0 7.0 1 610 12 0.0016393442623
"(-75, -50]" 13.0 63.5 -11.0 6.0 3 610 13 0.00491803278689
"(-75, -50]" 13.0 64.5 -11.0 7.0 4 610 13 0.00655737704918
"(-75, -50]" 14.0 62.5 -10.0 5.0 1 610 14 0.0016393442623
"(-75, -50]" 14.0 63.5 -10.0 6.0 6 610 14 0.00983606557377
"(-75, -50]" 14.0 64.5 -10.0 7.0 9 610 14 0.0147540983607
"(-75, -50]" 15.0 59.5 -9.0 2.0 1 610 15 0.0016393442623
"(-75, -50]" 15.0 60.5 -9.0 3.0 7 610 15 0.0114754098361
"(-75, -50]" 15.0 61.5 -9.0 4.0 16 610 15 0.0262295081967
"(-75, -50]" 15.0 62.5 -9.0 5.0 20 610 15 0.0327868852459
"(-75, -50]" 15.0 63.5 -9.0 6.0 14 610 15 0.0229508196721
"(-75, -50]" 15.0 64.5 -9.0 7.0 11 610 15 0.0180327868852
"(-75, -50]" 16.0 55.5 -8.0 -2.0 2 610 16 0.00327868852459
"(-75, -50]" 16.0 56.5 -8.0 -1.0 3 610 16 0.00491803278689
"(-75, -50]" 16.0 57.5 -8.0 0.0 8 610 16 0.0131147540984
"(-75, -50]" 16.0 58.5 -8.0 1.0 15 610 16 0.0245901639344
"(-75, -50]" 16.0 59.5 -8.0 2.0 29 610 16 0.0475409836066
"(-75, -50]" 16.0 60.5 -8.0 3.0 48 610 16 0.0786885245902
"(-75, -50]" 16.0 61.5 -8.0 4.0 45 610 16 0.0737704918033
"(-75, -50]" 16.0 62.5 -8.0 5.0 51 610 16 0.083606557377
"(-75, -50]" 16.0 63.5 -8.0 6.0 27 610 16 0.044262295082
"(-75, -50]" 16.0 64.5 -8.0 7.0 20 610 16 0.0327868852459
"(-75, -50]" 17.0 55.5 -7.0 -2.0 8 610 17 0.0131147540984
"(-75, -50]" 17.0 56.5 -7.0 -1.0 34 610 17 0.055737704918
"(-75, -50]" 17.0 57.5 -7.0 0.0 49 610 17 0.0803278688525
"(-75, -50]" 17.0 58.5 -7.0 1.0 81 610 17 0.132786885246
"(-75, -50]" 17.0 59.5 -7.0 2.0 113 610 17 0.185245901639
"(-75, -50]" 17.0 60.5 -7.0 3.0 120 610 17 0.196721311475
"(-75, -50]" 17.0 61.5 -7.0 4.0 119 610 17 0.195081967213
"(-75, -50]" 17.0 62.5 -7.0 5.0 70 610 17 0.114754098361
"(-75, -50]" 17.0 63.5 -7.0 6.0 47 610 17 0.0770491803279
"(-75, -50]" 17.0 64.5 -7.0 7.0 40 610 17 0.0655737704918
"(-75, -50]" 18.0 52.5 -6.0 -5.0 7 610 18 0.0114754098361
"(-75, -50]" 18.0 53.5 -6.0 -4.0 5 610 18 0.00819672131148
"(-75, -50]" 18.0 54.5 -6.0 -3.0 9 610 18 0.0147540983607
"(-75, -50]" 18.0 55.5 -6.0 -2.0 28 610 18 0.0459016393443
"(-75, -50]" 18.0 56.5 -6.0 -1.0 99 610 18 0.162295081967
"(-75, -50]" 18.0 57.5 -6.0 0.0 149 610 18 0.244262295082
"(-75, -50]" 18.0 58.5 -6.0 1.0 183 610 18 0.3
"(-75, -50]" 18.0 59.5 -6.0 2.0 252 610 18 0.413114754098
"(-75, -50]" 18.0 60.5 -6.0 3.0 257 610 18 0.42131147541
"(-75, -50]" 18.0 61.5 -6.0 4.0 242 610 18 0.396721311475
"(-75, -50]" 18.0 62.5 -6.0 5.0 152 610 18 0.249180327869
"(-75, -50]" 18.0 63.5 -6.0 6.0 100 610 18 0.16393442623
"(-75, -50]" 18.0 64.5 -6.0 7.0 77 610 18 0.126229508197
"(-75, -50]" 19.0 51.5 -5.0 -6.0 3 610 19 0.00491803278689
"(-75, -50]" 19.0 52.5 -5.0 -5.0 3 610 19 0.00491803278689
"(-75, -50]" 19.0 53.5 -5.0 -4.0 17 610 19 0.027868852459
"(-75, -50]" 19.0 54.5 -5.0 -3.0 50 610 19 0.0819672131148
"(-75, -50]" 19.0 55.5 -5.0 -2.0 161 610 19 0.26393442623
"(-75, -50]" 19.0 56.5 -5.0 -1.0 272 610 19 0.445901639344
"(-75, -50]" 19.0 57.5 -5.0 0.0 336 610 19 0.550819672131
"(-75, -50]" 19.0 58.5 -5.0 1.0 396 610 19 0.649180327869
"(-75, -50]" 19.0 59.5 -5.0 2.0 438 610 19 0.718032786885
"(-75, -50]" 19.0 60.5 -5.0 3.0 435 610 19 0.713114754098
"(-75, -50]" 19.0 61.5 -5.0 4.0 230 610 19 0.377049180328
"(-75, -50]" 19.0 62.5 -5.0 5.0 155 610 19 0.254098360656
"(-75, -50]" 19.0 63.5 -5.0 6.0 92 610 19 0.150819672131
"(-75, -50]" 19.0 64.5 -5.0 7.0 46 610 19 0.0754098360656
"(-75, -50]" 20.0 52.5 -4.0 -5.0 6 610 20 0.00983606557377
"(-75, -50]" 20.0 53.5 -4.0 -4.0 31 610 20 0.0508196721311
"(-75, -50]" 20.0 54.5 -4.0 -3.0 143 610 20 0.234426229508
"(-75, -50]" 20.0 55.5 -4.0 -2.0 303 610 20 0.496721311475
"(-75, -50]" 20.0 56.5 -4.0 -1.0 447 610 20 0.732786885246
"(-75, -50]" 20.0 57.5 -4.0 0.0 600 610 20 0.983606557377
"(-75, -50]" 20.0 58.5 -4.0 1.0 599 610 20 0.981967213115
"(-75, -50]" 20.0 59.5 -4.0 2.0 514 610 20 0.84262295082
"(-75, -50]" 20.0 60.5 -4.0 3.0 368 610 20 0.603278688525
"(-75, -50]" 20.0 61.5 -4.0 4.0 204 610 20 0.334426229508
"(-75, -50]" 20.0 62.5 -4.0 5.0 103 610 20 0.168852459016
"(-75, -50]" 20.0 63.5 -4.0 6.0 66 610 20 0.108196721311
"(-75, -50]" 20.0 64.5 -4.0 7.0 37 610 20 0.0606557377049
"(-75, -50]" 21.0 51.5 -3.0 -6.0 6 610 21 0.00983606557377
"(-75, -50]" 21.0 52.5 -3.0 -5.0 21 610 21 0.0344262295082
"(-75, -50]" 21.0 53.5 -3.0 -4.0 58 610 21 0.0950819672131
"(-75, -50]" 21.0 54.5 -3.0 -3.0 177 610 21 0.290163934426
"(-75, -50]" 21.0 55.5 -3.0 -2.0 339 610 21 0.555737704918
"(-75, -50]" 21.0 56.5 -3.0 -1.0 534 610 21 0.875409836066
"(-75, -50]" 21.0 57.5 -3.0 0.0 610 610 21 1.0
"(-75, -50]" 21.0 58.5 -3.0 1.0 499 610 21 0.818032786885
"(-75, -50]" 21.0 59.5 -3.0 2.0 391 610 21 0.640983606557
"(-75, -50]" 21.0 60.5 -3.0 3.0 232 610 21 0.380327868852
"(-75, -50]" 21.0 61.5 -3.0 4.0 165 610 21 0.270491803279
"(-75, -50]" 21.0 62.5 -3.0 5.0 78 610 21 0.127868852459
"(-75, -50]" 21.0 63.5 -3.0 6.0 57 610 21 0.0934426229508
"(-75, -50]" 21.0 64.5 -3.0 7.0 34 610 21 0.055737704918
"(-75, -50]" 22.0 51.5 -2.0 -6.0 1 610 22 0.0016393442623
"(-75, -50]" 22.0 52.5 -2.0 -5.0 24 610 22 0.0393442622951
"(-75, -50]" 22.0 53.5 -2.0 -4.0 65 610 22 0.106557377049
"(-75, -50]" 22.0 54.5 -2.0 -3.0 200 610 22 0.327868852459
"(-75, -50]" 22.0 55.5 -2.0 -2.0 387 610 22 0.634426229508
"(-75, -50]" 22.0 56.5 -2.0 -1.0 438 610 22 0.718032786885
"(-75, -50]" 22.0 57.5 -2.0 0.0 437 610 22 0.716393442623
"(-75, -50]" 22.0 58.5 -2.0 1.0 348 610 22 0.570491803279
"(-75, -50]" 22.0 59.5 -2.0 2.0 187 610 22 0.306557377049
"(-75, -50]" 22.0 60.5 -2.0 3.0 151 610 22 0.247540983607
"(-75, -50]" 22.0 61.5 -2.0 4.0 59 610 22 0.0967213114754
"(-75, -50]" 22.0 62.5 -2.0 5.0 44 610 22 0.072131147541
"(-75, -50]" 22.0 63.5 -2.0 6.0 31 610 22 0.0508196721311
"(-75, -50]" 22.0 64.5 -2.0 7.0 21 610 22 0.0344262295082
"(-75, -50]" 23.0 51.5 -1.0 -6.0 5 610 23 0.00819672131148
"(-75, -50]" 23.0 52.5 -1.0 -5.0 18 610 23 0.0295081967213
"(-75, -50]" 23.0 53.5 -1.0 -4.0 86 610 23 0.140983606557
"(-75, -50]" 23.0 54.5 -1.0 -3.0 188 610 23 0.308196721311
"(-75, -50]" 23.0 55.5 -1.0 -2.0 319 610 23 0.522950819672
"(-75, -50]" 23.0 56.5 -1.0 -1.0 355 610 23 0.581967213115
"(-75, -50]" 23.0 57.5 -1.0 0.0 283 610 23 0.46393442623
"(-75, -50]" 23.0 58.5 -1.0 1.0 215 610 23 0.352459016393
"(-75, -50]" 23.0 59.5 -1.0 2.0 135 610 23 0.22131147541
"(-75, -50]" 23.0 60.5 -1.0 3.0 56 610 23 0.0918032786885
"(-75, -50]" 23.0 61.5 -1.0 4.0 32 610 23 0.0524590163934
"(-75, -50]" 23.0 62.5 -1.0 5.0 27 610 23 0.044262295082
"(-75, -50]" 23.0 63.5 -1.0 6.0 7 610 23 0.0114754098361
"(-75, -50]" 23.0 64.5 -1.0 7.0 1 610 23 0.0016393442623
"(-50, -25]" 0.0 50.5 0.0 -7.0 4 1889 0 0.00211752249868
"(-50, -25]" 0.0 51.5 0.0 -6.0 14 1889 0 0.00741132874537
"(-50, -25]" 0.0 52.5 0.0 -5.0 16 1889 0 0.00847008999471
"(-50, -25]" 0.0 53.5 0.0 -4.0 32 1889 0 0.0169401799894
"(-50, -25]" 0.0 54.5 0.0 -3.0 73 1889 0 0.0386447856008
"(-50, -25]" 0.0 55.5 0.0 -2.0 205 1889 0 0.108523028057
"(-50, -25]" 0.0 56.5 0.0 -1.0 389 1889 0 0.205929062996
"(-50, -25]" 0.0 57.5 0.0 0.0 506 1889 0 0.267866596083
"(-50, -25]" 0.0 58.5 0.0 1.0 488 1889 0 0.258337744839
"(-50, -25]" 0.0 59.5 0.0 2.0 477 1889 0 0.252514557967
"(-50, -25]" 0.0 60.5 0.0 3.0 376 1889 0 0.199047114876
"(-50, -25]" 0.0 61.5 0.0 4.0 139 1889 0 0.073583906829
"(-50, -25]" 0.0 62.5 0.0 5.0 27 1889 0 0.0142932768661
"(-50, -25]" 0.0 63.5 0.0 6.0 7 1889 0 0.00370566437268
"(-50, -25]" 0.0 64.5 0.0 7.0 3 1889 0 0.00158814187401
"(-50, -25]" 1.0 50.5 1.0 -7.0 34 1889 1 0.0179989412388
"(-50, -25]" 1.0 51.5 1.0 -6.0 56 1889 1 0.0296453149815
"(-50, -25]" 1.0 52.5 1.0 -5.0 49 1889 1 0.0259396506088
"(-50, -25]" 1.0 53.5 1.0 -4.0 51 1889 1 0.0269984118581
"(-50, -25]" 1.0 54.5 1.0 -3.0 168 1889 1 0.0889359449444
"(-50, -25]" 1.0 55.5 1.0 -2.0 464 1889 1 0.245632609846
"(-50, -25]" 1.0 56.5 1.0 -1.0 698 1889 1 0.369507676019
"(-50, -25]" 1.0 57.5 1.0 0.0 804 1889 1 0.425622022234
"(-50, -25]" 1.0 58.5 1.0 1.0 678 1889 1 0.358920063526
"(-50, -25]" 1.0 59.5 1.0 2.0 663 1889 1 0.350979354156
"(-50, -25]" 1.0 60.5 1.0 3.0 384 1889 1 0.203282159873
"(-50, -25]" 1.0 61.5 1.0 4.0 104 1889 1 0.0550555849656
"(-50, -25]" 1.0 62.5 1.0 5.0 52 1889 1 0.0275277924828
"(-50, -25]" 1.0 63.5 1.0 6.0 8 1889 1 0.00423504499735
"(-50, -25]" 2.0 50.5 2.0 -7.0 51 1889 2 0.0269984118581
"(-50, -25]" 2.0 51.5 2.0 -6.0 76 1889 2 0.0402329274749
"(-50, -25]" 2.0 52.5 2.0 -5.0 34 1889 2 0.0179989412388
"(-50, -25]" 2.0 53.5 2.0 -4.0 46 1889 2 0.0243515087348
"(-50, -25]" 2.0 54.5 2.0 -3.0 200 1889 2 0.105876124934
"(-50, -25]" 2.0 55.5 2.0 -2.0 416 1889 2 0.220222339862
"(-50, -25]" 2.0 56.5 2.0 -1.0 502 1889 2 0.265749073584
"(-50, -25]" 2.0 57.5 2.0 0.0 462 1889 2 0.244573848597
"(-50, -25]" 2.0 58.5 2.0 1.0 365 1889 2 0.193223928004
"(-50, -25]" 2.0 59.5 2.0 2.0 267 1889 2 0.141344626787
"(-50, -25]" 2.0 60.5 2.0 3.0 182 1889 2 0.0963472736898
"(-50, -25]" 2.0 61.5 2.0 4.0 78 1889 2 0.0412916887242
"(-50, -25]" 2.0 62.5 2.0 5.0 37 1889 2 0.0195870831128
"(-50, -25]" 2.0 63.5 2.0 6.0 10 1889 2 0.00529380624669
"(-50, -25]" 3.0 50.5 3.0 -7.0 104 1889 3 0.0550555849656
"(-50, -25]" 3.0 51.5 3.0 -6.0 105 1889 3 0.0555849655903
"(-50, -25]" 3.0 52.5 3.0 -5.0 56 1889 3 0.0296453149815
"(-50, -25]" 3.0 53.5 3.0 -4.0 61 1889 3 0.0322922181048
"(-50, -25]" 3.0 54.5 3.0 -3.0 131 1889 3 0.0693488618317
"(-50, -25]" 3.0 55.5 3.0 -2.0 224 1889 3 0.118581259926
"(-50, -25]" 3.0 56.5 3.0 -1.0 211 1889 3 0.111699311805
"(-50, -25]" 3.0 57.5 3.0 0.0 196 1889 3 0.103758602435
"(-50, -25]" 3.0 58.5 3.0 1.0 150 1889 3 0.0794070937004
"(-50, -25]" 3.0 59.5 3.0 2.0 110 1889 3 0.0582318687136
"(-50, -25]" 3.0 60.5 3.0 3.0 72 1889 3 0.0381154049762
"(-50, -25]" 3.0 61.5 3.0 4.0 31 1889 3 0.0164107993647
"(-50, -25]" 3.0 62.5 3.0 5.0 11 1889 3 0.00582318687136
"(-50, -25]" 3.0 63.5 3.0 6.0 4 1889 3 0.00211752249868
"(-50, -25]" 4.0 50.5 4.0 -7.0 63 1889 4 0.0333509793542
"(-50, -25]" 4.0 51.5 4.0 -6.0 49 1889 4 0.0259396506088
"(-50, -25]" 4.0 52.5 4.0 -5.0 12 1889 4 0.00635256749603
"(-50, -25]" 4.0 53.5 4.0 -4.0 24 1889 4 0.0127051349921
"(-50, -25]" 4.0 54.5 4.0 -3.0 39 1889 4 0.0206458443621
"(-50, -25]" 4.0 55.5 4.0 -2.0 53 1889 4 0.0280571731075
"(-50, -25]" 4.0 56.5 4.0 -1.0 48 1889 4 0.0254102699841
"(-50, -25]" 4.0 57.5 4.0 0.0 45 1889 4 0.0238221281101
"(-50, -25]" 4.0 58.5 4.0 1.0 48 1889 4 0.0254102699841
"(-50, -25]" 4.0 59.5 4.0 2.0 22 1889 4 0.0116463737427
"(-50, -25]" 4.0 60.5 4.0 3.0 3 1889 4 0.00158814187401
"(-50, -25]" 4.0 61.5 4.0 4.0 5 1889 4 0.00264690312335
"(-50, -25]" 4.0 62.5 4.0 5.0 4 1889 4 0.00211752249868
"(-50, -25]" 4.0 63.5 4.0 6.0 3 1889 4 0.00158814187401
"(-50, -25]" 4.0 64.5 4.0 7.0 2 1889 4 0.00105876124934
"(-50, -25]" 5.0 50.5 5.0 -7.0 50 1889 5 0.0264690312335
"(-50, -25]" 5.0 51.5 5.0 -6.0 43 1889 5 0.0227633668608
"(-50, -25]" 5.0 52.5 5.0 -5.0 9 1889 5 0.00476442562202
"(-50, -25]" 5.0 53.5 5.0 -4.0 6 1889 5 0.00317628374801
"(-50, -25]" 5.0 54.5 5.0 -3.0 12 1889 5 0.00635256749603
"(-50, -25]" 5.0 55.5 5.0 -2.0 25 1889 5 0.0132345156167
"(-50, -25]" 5.0 56.5 5.0 -1.0 10 1889 5 0.00529380624669
"(-50, -25]" 5.0 57.5 5.0 0.0 7 1889 5 0.00370566437268
"(-50, -25]" 5.0 58.5 5.0 1.0 7 1889 5 0.00370566437268
"(-50, -25]" 5.0 59.5 5.0 2.0 5 1889 5 0.00264690312335
"(-50, -25]" 6.0 50.5 6.0 -7.0 18 1889 6 0.00952885124404
"(-50, -25]" 6.0 51.5 6.0 -6.0 8 1889 6 0.00423504499735
"(-50, -25]" 6.0 56.5 6.0 -1.0 1 1889 6 0.000529380624669
"(-50, -25]" 6.0 57.5 6.0 0.0 3 1889 6 0.00158814187401
"(-50, -25]" 6.0 58.5 6.0 1.0 1 1889 6 0.000529380624669
"(-50, -25]" 6.0 59.5 6.0 2.0 1 1889 6 0.000529380624669
"(-50, -25]" 7.0 50.5 7.0 -7.0 16 1889 7 0.00847008999471
"(-50, -25]" 7.0 51.5 7.0 -6.0 2 1889 7 0.00105876124934
"(-50, -25]" 14.0 62.5 -10.0 5.0 1 1889 14 0.000529380624669
"(-50, -25]" 14.0 63.5 -10.0 6.0 2 1889 14 0.00105876124934
"(-50, -25]" 14.0 64.5 -10.0 7.0 1 1889 14 0.000529380624669
"(-50, -25]" 15.0 59.5 -9.0 2.0 1 1889 15 0.000529380624669
"(-50, -25]" 15.0 60.5 -9.0 3.0 5 1889 15 0.00264690312335
"(-50, -25]" 15.0 61.5 -9.0 4.0 6 1889 15 0.00317628374801
"(-50, -25]" 15.0 62.5 -9.0 5.0 6 1889 15 0.00317628374801
"(-50, -25]" 15.0 63.5 -9.0 6.0 7 1889 15 0.00370566437268
"(-50, -25]" 15.0 64.5 -9.0 7.0 19 1889 15 0.0100582318687
"(-50, -25]" 16.0 56.5 -8.0 -1.0 1 1889 16 0.000529380624669
"(-50, -25]" 16.0 57.5 -8.0 0.0 2 1889 16 0.00105876124934
"(-50, -25]" 16.0 58.5 -8.0 1.0 4 1889 16 0.00211752249868
"(-50, -25]" 16.0 59.5 -8.0 2.0 17 1889 16 0.00899947061938
"(-50, -25]" 16.0 60.5 -8.0 3.0 37 1889 16 0.0195870831128
"(-50, -25]" 16.0 61.5 -8.0 4.0 49 1889 16 0.0259396506088
"(-50, -25]" 16.0 62.5 -8.0 5.0 56 1889 16 0.0296453149815
"(-50, -25]" 16.0 63.5 -8.0 6.0 60 1889 16 0.0317628374801
"(-50, -25]" 16.0 64.5 -8.0 7.0 61 1889 16 0.0322922181048
"(-50, -25]" 17.0 54.5 -7.0 -3.0 1 1889 17 0.000529380624669
"(-50, -25]" 17.0 55.5 -7.0 -2.0 7 1889 17 0.00370566437268
"(-50, -25]" 17.0 56.5 -7.0 -1.0 8 1889 17 0.00423504499735
"(-50, -25]" 17.0 57.5 -7.0 0.0 26 1889 17 0.0137638962414
"(-50, -25]" 17.0 58.5 -7.0 1.0 61 1889 17 0.0322922181048
"(-50, -25]" 17.0 59.5 -7.0 2.0 127 1889 17 0.067231339333
"(-50, -25]" 17.0 60.5 -7.0 3.0 169 1889 17 0.0894653255691
"(-50, -25]" 17.0 61.5 -7.0 4.0 188 1889 17 0.0995235574378
"(-50, -25]" 17.0 62.5 -7.0 5.0 224 1889 17 0.118581259926
"(-50, -25]" 17.0 63.5 -7.0 6.0 193 1889 17 0.102170460561
"(-50, -25]" 17.0 64.5 -7.0 7.0 194 1889 17 0.102699841186
"(-50, -25]" 18.0 54.5 -6.0 -3.0 14 1889 18 0.00741132874537
"(-50, -25]" 18.0 55.5 -6.0 -2.0 48 1889 18 0.0254102699841
"(-50, -25]" 18.0 56.5 -6.0 -1.0 85 1889 18 0.0449973530969
"(-50, -25]" 18.0 57.5 -6.0 0.0 138 1889 18 0.0730545262043
"(-50, -25]" 18.0 58.5 -6.0 1.0 217 1889 18 0.114875595553
"(-50, -25]" 18.0 59.5 -6.0 2.0 383 1889 18 0.202752779248
"(-50, -25]" 18.0 60.5 -6.0 3.0 570 1889 18 0.301746956061
"(-50, -25]" 18.0 61.5 -6.0 4.0 632 1889 18 0.334568554791
"(-50, -25]" 18.0 62.5 -6.0 5.0 643 1889 18 0.340391741662
"(-50, -25]" 18.0 63.5 -6.0 6.0 517 1889 18 0.273689782954
"(-50, -25]" 18.0 64.5 -6.0 7.0 330 1889 18 0.174695606141
"(-50, -25]" 19.0 51.5 -5.0 -6.0 1 1889 19 0.000529380624669
"(-50, -25]" 19.0 52.5 -5.0 -5.0 3 1889 19 0.00158814187401
"(-50, -25]" 19.0 53.5 -5.0 -4.0 10 1889 19 0.00529380624669
"(-50, -25]" 19.0 54.5 -5.0 -3.0 40 1889 19 0.0211752249868
"(-50, -25]" 19.0 55.5 -5.0 -2.0 128 1889 19 0.0677607199576
"(-50, -25]" 19.0 56.5 -5.0 -1.0 252 1889 19 0.133403917417
"(-50, -25]" 19.0 57.5 -5.0 0.0 414 1889 19 0.219163578613
"(-50, -25]" 19.0 58.5 -5.0 1.0 662 1889 19 0.350449973531
"(-50, -25]" 19.0 59.5 -5.0 2.0 980 1889 19 0.518793012176
"(-50, -25]" 19.0 60.5 -5.0 3.0 1064 1889 19 0.563260984648
"(-50, -25]" 19.0 61.5 -5.0 4.0 987 1889 19 0.522498676548
"(-50, -25]" 19.0 62.5 -5.0 5.0 827 1889 19 0.437797776601
"(-50, -25]" 19.0 63.5 -5.0 6.0 600 1889 19 0.317628374801
"(-50, -25]" 19.0 64.5 -5.0 7.0 316 1889 19 0.167284277395
"(-50, -25]" 20.0 51.5 -4.0 -6.0 8 1889 20 0.00423504499735
"(-50, -25]" 20.0 52.5 -4.0 -5.0 12 1889 20 0.00635256749603
"(-50, -25]" 20.0 53.5 -4.0 -4.0 21 1889 20 0.0111169931181
"(-50, -25]" 20.0 54.5 -4.0 -3.0 70 1889 20 0.0370566437268
"(-50, -25]" 20.0 55.5 -4.0 -2.0 200 1889 20 0.105876124934
"(-50, -25]" 20.0 56.5 -4.0 -1.0 455 1889 20 0.240868184224
"(-50, -25]" 20.0 57.5 -4.0 0.0 874 1889 20 0.462678665961
"(-50, -25]" 20.0 58.5 -4.0 1.0 1197 1889 20 0.633668607729
"(-50, -25]" 20.0 59.5 -4.0 2.0 1400 1889 20 0.741132874537
"(-50, -25]" 20.0 60.5 -4.0 3.0 1468 1889 20 0.777130757014
"(-50, -25]" 20.0 61.5 -4.0 4.0 1218 1889 20 0.644785600847
"(-50, -25]" 20.0 62.5 -4.0 5.0 962 1889 20 0.509264160932
"(-50, -25]" 20.0 63.5 -4.0 6.0 607 1889 20 0.321334039174
"(-50, -25]" 20.0 64.5 -4.0 7.0 320 1889 20 0.169401799894
"(-50, -25]" 21.0 50.5 -3.0 -7.0 2 1889 21 0.00105876124934
"(-50, -25]" 21.0 51.5 -3.0 -6.0 5 1889 21 0.00264690312335
"(-50, -25]" 21.0 52.5 -3.0 -5.0 15 1889 21 0.00794070937004
"(-50, -25]" 21.0 53.5 -3.0 -4.0 46 1889 21 0.0243515087348
"(-50, -25]" 21.0 54.5 -3.0 -3.0 144 1889 21 0.0762308099524
"(-50, -25]" 21.0 55.5 -3.0 -2.0 372 1889 21 0.196929592377
"(-50, -25]" 21.0 56.5 -3.0 -1.0 766 1889 21 0.405505558497
"(-50, -25]" 21.0 57.5 -3.0 0.0 1254 1889 21 0.663843303335
"(-50, -25]" 21.0 58.5 -3.0 1.0 1714 1889 21 0.907358390683
"(-50, -25]" 21.0 59.5 -3.0 2.0 1883 1889 21 0.996823716252
"(-50, -25]" 21.0 60.5 -3.0 3.0 1881 1889 21 0.995764955003
"(-50, -25]" 21.0 61.5 -3.0 4.0 1431 1889 21 0.757543673902
"(-50, -25]" 21.0 62.5 -3.0 5.0 963 1889 21 0.509793541556
"(-50, -25]" 21.0 63.5 -3.0 6.0 598 1889 21 0.316569613552
"(-50, -25]" 21.0 64.5 -3.0 7.0 302 1889 21 0.15987294865
"(-50, -25]" 22.0 51.5 -2.0 -6.0 3 1889 22 0.00158814187401
"(-50, -25]" 22.0 52.5 -2.0 -5.0 24 1889 22 0.0127051349921
"(-50, -25]" 22.0 53.5 -2.0 -4.0 64 1889 22 0.0338803599788
"(-50, -25]" 22.0 54.5 -2.0 -3.0 191 1889 22 0.101111699312
"(-50, -25]" 22.0 55.5 -2.0 -2.0 401 1889 22 0.212281630492
"(-50, -25]" 22.0 56.5 -2.0 -1.0 894 1889 22 0.473266278454
"(-50, -25]" 22.0 57.5 -2.0 0.0 1433 1889 22 0.758602435151
"(-50, -25]" 22.0 58.5 -2.0 1.0 1757 1889 22 0.930121757544
"(-50, -25]" 22.0 59.5 -2.0 2.0 1889 1889 22 1.0
"(-50, -25]" 22.0 60.5 -2.0 3.0 1875 1889 22 0.992588671255
"(-50, -25]" 22.0 61.5 -2.0 4.0 1271 1889 22 0.672842773954
"(-50, -25]" 22.0 62.5 -2.0 5.0 812 1889 22 0.429857067231
"(-50, -25]" 22.0 63.5 -2.0 6.0 379 1889 22 0.20063525675
"(-50, -25]" 22.0 64.5 -2.0 7.0 121 1889 22 0.064055055585
"(-50, -25]" 23.0 50.5 -1.0 -7.0 7 1889 23 0.00370566437268
"(-50, -25]" 23.0 51.5 -1.0 -6.0 11 1889 23 0.00582318687136
"(-50, -25]" 23.0 52.5 -1.0 -5.0 8 1889 23 0.00423504499735
"(-50, -25]" 23.0 53.5 -1.0 -4.0 64 1889 23 0.0338803599788
"(-50, -25]" 23.0 54.5 -1.0 -3.0 150 1889 23 0.0794070937004
"(-50, -25]" 23.0 55.5 -1.0 -2.0 378 1889 23 0.200105876125
"(-50, -25]" 23.0 56.5 -1.0 -1.0 768 1889 23 0.406564319746
"(-50, -25]" 23.0 57.5 -1.0 0.0 1311 1889 23 0.694017998941
"(-50, -25]" 23.0 58.5 -1.0 1.0 1570 1889 23 0.831127580731
"(-50, -25]" 23.0 59.5 -1.0 2.0 1543 1889 23 0.816834303864
"(-50, -25]" 23.0 60.5 -1.0 3.0 1353 1889 23 0.716251985177
"(-50, -25]" 23.0 61.5 -1.0 4.0 873 1889 23 0.462149285336
"(-50, -25]" 23.0 62.5 -1.0 5.0 410 1889 23 0.217046056114
"(-50, -25]" 23.0 63.5 -1.0 6.0 105 1889 23 0.0555849655903
"(-50, -25]" 23.0 64.5 -1.0 7.0 22 1889 23 0.0116463737427
"(-50, -25]" 24.0 58.5 0.0 1.0 2 1889 24 0.00105876124934
"(-25, -10]" 0.0 50.5 0.0 -7.0 7 2166 0 0.00323176361958
"(-25, -10]" 0.0 51.5 0.0 -6.0 9 2166 0 0.00415512465374
"(-25, -10]" 0.0 52.5 0.0 -5.0 10 2166 0 0.00461680517082
"(-25, -10]" 0.0 53.5 0.0 -4.0 7 2166 0 0.00323176361958
"(-25, -10]" 0.0 54.5 0.0 -3.0 15 2166 0 0.00692520775623
"(-25, -10]" 0.0 55.5 0.0 -2.0 73 2166 0 0.033702677747
"(-25, -10]" 0.0 56.5 0.0 -1.0 170 2166 0 0.078485687904
"(-25, -10]" 0.0 57.5 0.0 0.0 315 2166 0 0.145429362881
"(-25, -10]" 0.0 58.5 0.0 1.0 506 2166 0 0.233610341644
"(-25, -10]" 0.0 59.5 0.0 2.0 705 2166 0 0.325484764543
"(-25, -10]" 0.0 60.5 0.0 3.0 768 2166 0 0.354570637119
"(-25, -10]" 0.0 61.5 0.0 4.0 623 2166 0 0.287626962142
"(-25, -10]" 0.0 62.5 0.0 5.0 353 2166 0 0.16297322253
"(-25, -10]" 0.0 63.5 0.0 6.0 95 2166 0 0.0438596491228
"(-25, -10]" 0.0 64.5 0.0 7.0 6 2166 0 0.00277008310249
"(-25, -10]" 1.0 50.5 1.0 -7.0 43 2166 1 0.0198522622345
"(-25, -10]" 1.0 51.5 1.0 -6.0 50 2166 1 0.0230840258541
"(-25, -10]" 1.0 52.5 1.0 -5.0 37 2166 1 0.017082179132
"(-25, -10]" 1.0 53.5 1.0 -4.0 33 2166 1 0.0152354570637
"(-25, -10]" 1.0 54.5 1.0 -3.0 83 2166 1 0.0383194829178
"(-25, -10]" 1.0 55.5 1.0 -2.0 160 2166 1 0.0738688827331
"(-25, -10]" 1.0 56.5 1.0 -1.0 302 2166 1 0.139427516159
"(-25, -10]" 1.0 57.5 1.0 0.0 600 2166 1 0.277008310249
"(-25, -10]" 1.0 58.5 1.0 1.0 971 2166 1 0.448291782087
"(-25, -10]" 1.0 59.5 1.0 2.0 1209 2166 1 0.558171745152
"(-25, -10]" 1.0 60.5 1.0 3.0 1186 2166 1 0.547553093259
"(-25, -10]" 1.0 61.5 1.0 4.0 830 2166 1 0.383194829178
"(-25, -10]" 1.0 62.5 1.0 5.0 389 2166 1 0.179593721145
"(-25, -10]" 1.0 63.5 1.0 6.0 79 2166 1 0.0364727608495
"(-25, -10]" 1.0 64.5 1.0 7.0 3 2166 1 0.00138504155125
"(-25, -10]" 2.0 50.5 2.0 -7.0 77 2166 2 0.0355493998153
"(-25, -10]" 2.0 51.5 2.0 -6.0 77 2166 2 0.0355493998153
"(-25, -10]" 2.0 52.5 2.0 -5.0 42 2166 2 0.0193905817175
"(-25, -10]" 2.0 53.5 2.0 -4.0 45 2166 2 0.0207756232687
"(-25, -10]" 2.0 54.5 2.0 -3.0 93 2166 2 0.0429362880886
"(-25, -10]" 2.0 55.5 2.0 -2.0 168 2166 2 0.0775623268698
"(-25, -10]" 2.0 56.5 2.0 -1.0 279 2166 2 0.128808864266
"(-25, -10]" 2.0 57.5 2.0 0.0 443 2166 2 0.204524469067
"(-25, -10]" 2.0 58.5 2.0 1.0 714 2166 2 0.329639889197
"(-25, -10]" 2.0 59.5 2.0 2.0 774 2166 2 0.357340720222
"(-25, -10]" 2.0 60.5 2.0 3.0 687 2166 2 0.317174515235
"(-25, -10]" 2.0 61.5 2.0 4.0 478 2166 2 0.220683287165
"(-25, -10]" 2.0 62.5 2.0 5.0 217 2166 2 0.100184672207
"(-25, -10]" 2.0 63.5 2.0 6.0 74 2166 2 0.0341643582641
"(-25, -10]" 2.0 64.5 2.0 7.0 9 2166 2 0.00415512465374
"(-25, -10]" 3.0 50.5 3.0 -7.0 103 2166 3 0.0475530932595
"(-25, -10]" 3.0 51.5 3.0 -6.0 165 2166 3 0.0761772853186
"(-25, -10]" 3.0 52.5 3.0 -5.0 98 2166 3 0.0452446906741
"(-25, -10]" 3.0 53.5 3.0 -4.0 34 2166 3 0.0156971375808
"(-25, -10]" 3.0 54.5 3.0 -3.0 54 2166 3 0.0249307479224
"(-25, -10]" 3.0 55.5 3.0 -2.0 127 2166 3 0.0586334256694
"(-25, -10]" 3.0 56.5 3.0 -1.0 163 2166 3 0.0752539242844
"(-25, -10]" 3.0 57.5 3.0 0.0 267 2166 3 0.123268698061
"(-25, -10]" 3.0 58.5 3.0 1.0 369 2166 3 0.170360110803
"(-25, -10]" 3.0 59.5 3.0 2.0 326 2166 3 0.150507848569
"(-25, -10]" 3.0 60.5 3.0 3.0 270 2166 3 0.124653739612
"(-25, -10]" 3.0 61.5 3.0 4.0 163 2166 3 0.0752539242844
"(-25, -10]" 3.0 62.5 3.0 5.0 90 2166 3 0.0415512465374
"(-25, -10]" 3.0 63.5 3.0 6.0 42 2166 3 0.0193905817175
"(-25, -10]" 3.0 64.5 3.0 7.0 3 2166 3 0.00138504155125
"(-25, -10]" 4.0 50.5 4.0 -7.0 43 2166 4 0.0198522622345
"(-25, -10]" 4.0 51.5 4.0 -6.0 65 2166 4 0.0300092336103
"(-25, -10]" 4.0 52.5 4.0 -5.0 41 2166 4 0.0189289012004
"(-25, -10]" 4.0 53.5 4.0 -4.0 18 2166 4 0.00831024930748
"(-25, -10]" 4.0 54.5 4.0 -3.0 42 2166 4 0.0193905817175
"(-25, -10]" 4.0 55.5 4.0 -2.0 44 2166 4 0.0203139427516
"(-25, -10]" 4.0 56.5 4.0 -1.0 45 2166 4 0.0207756232687
"(-25, -10]" 4.0 57.5 4.0 0.0 105 2166 4 0.0484764542936
"(-25, -10]" 4.0 58.5 4.0 1.0 97 2166 4 0.044783010157
"(-25, -10]" 4.0 59.5 4.0 2.0 67 2166 4 0.0309325946445
"(-25, -10]" 4.0 60.5 4.0 3.0 39 2166 4 0.0180055401662
"(-25, -10]" 4.0 61.5 4.0 4.0 50 2166 4 0.0230840258541
"(-25, -10]" 4.0 62.5 4.0 5.0 37 2166 4 0.017082179132
"(-25, -10]" 4.0 63.5 4.0 6.0 21 2166 4 0.00969529085873
"(-25, -10]" 4.0 64.5 4.0 7.0 4 2166 4 0.00184672206833
"(-25, -10]" 5.0 50.5 5.0 -7.0 67 2166 5 0.0309325946445
"(-25, -10]" 5.0 51.5 5.0 -6.0 49 2166 5 0.022622345337
"(-25, -10]" 5.0 52.5 5.0 -5.0 10 2166 5 0.00461680517082
"(-25, -10]" 5.0 53.5 5.0 -4.0 6 2166 5 0.00277008310249
"(-25, -10]" 5.0 54.5 5.0 -3.0 13 2166 5 0.00600184672207
"(-25, -10]" 5.0 55.5 5.0 -2.0 18 2166 5 0.00831024930748
"(-25, -10]" 5.0 56.5 5.0 -1.0 17 2166 5 0.0078485687904
"(-25, -10]" 5.0 57.5 5.0 0.0 14 2166 5 0.00646352723915
"(-25, -10]" 5.0 58.5 5.0 1.0 19 2166 5 0.00877192982456
"(-25, -10]" 5.0 59.5 5.0 2.0 21 2166 5 0.00969529085873
"(-25, -10]" 5.0 60.5 5.0 3.0 12 2166 5 0.00554016620499
"(-25, -10]" 5.0 61.5 5.0 4.0 15 2166 5 0.00692520775623
"(-25, -10]" 5.0 62.5 5.0 5.0 6 2166 5 0.00277008310249
"(-25, -10]" 6.0 50.5 6.0 -7.0 18 2166 6 0.00831024930748
"(-25, -10]" 6.0 51.5 6.0 -6.0 9 2166 6 0.00415512465374
"(-25, -10]" 6.0 52.5 6.0 -5.0 1 2166 6 0.000461680517082
"(-25, -10]" 6.0 55.5 6.0 -2.0 2 2166 6 0.000923361034164
"(-25, -10]" 6.0 56.5 6.0 -1.0 5 2166 6 0.00230840258541
"(-25, -10]" 6.0 57.5 6.0 0.0 4 2166 6 0.00184672206833
"(-25, -10]" 6.0 58.5 6.0 1.0 6 2166 6 0.00277008310249
"(-25, -10]" 6.0 59.5 6.0 2.0 8 2166 6 0.00369344413666
"(-25, -10]" 6.0 60.5 6.0 3.0 8 2166 6 0.00369344413666
"(-25, -10]" 6.0 61.5 6.0 4.0 6 2166 6 0.00277008310249
"(-25, -10]" 7.0 50.5 7.0 -7.0 8 2166 7 0.00369344413666
"(-25, -10]" 7.0 51.5 7.0 -6.0 1 2166 7 0.000461680517082
"(-25, -10]" 7.0 52.5 7.0 -5.0 2 2166 7 0.000923361034164
"(-25, -10]" 7.0 54.5 7.0 -3.0 1 2166 7 0.000461680517082
"(-25, -10]" 8.0 52.5 8.0 -5.0 1 2166 8 0.000461680517082
"(-25, -10]" 8.0 56.5 8.0 -1.0 2 2166 8 0.000923361034164
"(-25, -10]" 9.0 54.5 9.0 -3.0 1 2166 9 0.000461680517082
"(-25, -10]" 9.0 56.5 9.0 -1.0 1 2166 9 0.000461680517082
"(-25, -10]" 14.0 56.5 -10.0 -1.0 2 2166 14 0.000923361034164
"(-25, -10]" 15.0 64.5 -9.0 7.0 8 2166 15 0.00369344413666
"(-25, -10]" 16.0 55.5 -8.0 -2.0 2 2166 16 0.000923361034164
"(-25, -10]" 16.0 56.5 -8.0 -1.0 4 2166 16 0.00184672206833
"(-25, -10]" 16.0 57.5 -8.0 0.0 4 2166 16 0.00184672206833
"(-25, -10]" 16.0 58.5 -8.0 1.0 3 2166 16 0.00138504155125
"(-25, -10]" 16.0 59.5 -8.0 2.0 2 2166 16 0.000923361034164
"(-25, -10]" 16.0 60.5 -8.0 3.0 3 2166 16 0.00138504155125
"(-25, -10]" 16.0 61.5 -8.0 4.0 6 2166 16 0.00277008310249
"(-25, -10]" 16.0 62.5 -8.0 5.0 3 2166 16 0.00138504155125
"(-25, -10]" 16.0 63.5 -8.0 6.0 5 2166 16 0.00230840258541
"(-25, -10]" 16.0 64.5 -8.0 7.0 13 2166 16 0.00600184672207
"(-25, -10]" 17.0 53.5 -7.0 -4.0 2 2166 17 0.000923361034164
"(-25, -10]" 17.0 54.5 -7.0 -3.0 11 2166 17 0.0050784856879
"(-25, -10]" 17.0 55.5 -7.0 -2.0 12 2166 17 0.00554016620499
"(-25, -10]" 17.0 56.5 -7.0 -1.0 20 2166 17 0.00923361034164
"(-25, -10]" 17.0 57.5 -7.0 0.0 27 2166 17 0.0124653739612
"(-25, -10]" 17.0 58.5 -7.0 1.0 16 2166 17 0.00738688827331
"(-25, -10]" 17.0 59.5 -7.0 2.0 6 2166 17 0.00277008310249
"(-25, -10]" 17.0 60.5 -7.0 3.0 23 2166 17 0.0106186518929
"(-25, -10]" 17.0 61.5 -7.0 4.0 31 2166 17 0.0143120960295
"(-25, -10]" 17.0 62.5 -7.0 5.0 49 2166 17 0.022622345337
"(-25, -10]" 17.0 63.5 -7.0 6.0 92 2166 17 0.0424746075716
"(-25, -10]" 17.0 64.5 -7.0 7.0 119 2166 17 0.0549399815328
"(-25, -10]" 18.0 53.5 -6.0 -4.0 2 2166 18 0.000923361034164
"(-25, -10]" 18.0 54.5 -6.0 -3.0 7 2166 18 0.00323176361958
"(-25, -10]" 18.0 55.5 -6.0 -2.0 11 2166 18 0.0050784856879
"(-25, -10]" 18.0 56.5 -6.0 -1.0 21 2166 18 0.00969529085873
"(-25, -10]" 18.0 57.5 -6.0 0.0 36 2166 18 0.016620498615
"(-25, -10]" 18.0 58.5 -6.0 1.0 46 2166 18 0.0212373037858
"(-25, -10]" 18.0 59.5 -6.0 2.0 51 2166 18 0.0235457063712
"(-25, -10]" 18.0 60.5 -6.0 3.0 110 2166 18 0.050784856879
"(-25, -10]" 18.0 61.5 -6.0 4.0 181 2166 18 0.0835641735919
"(-25, -10]" 18.0 62.5 -6.0 5.0 292 2166 18 0.134810710988
"(-25, -10]" 18.0 63.5 -6.0 6.0 278 2166 18 0.128347183749
"(-25, -10]" 18.0 64.5 -6.0 7.0 318 2166 18 0.146814404432
"(-25, -10]" 19.0 50.5 -5.0 -7.0 1 2166 19 0.000461680517082
"(-25, -10]" 19.0 52.5 -5.0 -5.0 4 2166 19 0.00184672206833
"(-25, -10]" 19.0 53.5 -5.0 -4.0 5 2166 19 0.00230840258541
"(-25, -10]" 19.0 54.5 -5.0 -3.0 8 2166 19 0.00369344413666
"(-25, -10]" 19.0 55.5 -5.0 -2.0 13 2166 19 0.00600184672207
"(-25, -10]" 19.0 56.5 -5.0 -1.0 31 2166 19 0.0143120960295
"(-25, -10]" 19.0 57.5 -5.0 0.0 60 2166 19 0.0277008310249
"(-25, -10]" 19.0 58.5 -5.0 1.0 108 2166 19 0.0498614958449
"(-25, -10]" 19.0 59.5 -5.0 2.0 156 2166 19 0.0720221606648
"(-25, -10]" 19.0 60.5 -5.0 3.0 249 2166 19 0.114958448753
"(-25, -10]" 19.0 61.5 -5.0 4.0 394 2166 19 0.18190212373
"(-25, -10]" 19.0 62.5 -5.0 5.0 482 2166 19 0.222530009234
"(-25, -10]" 19.0 63.5 -5.0 6.0 566 2166 19 0.261311172669
"(-25, -10]" 19.0 64.5 -5.0 7.0 489 2166 19 0.225761772853
"(-25, -10]" 20.0 53.5 -4.0 -4.0 7 2166 20 0.00323176361958
"(-25, -10]" 20.0 54.5 -4.0 -3.0 17 2166 20 0.0078485687904
"(-25, -10]" 20.0 55.5 -4.0 -2.0 31 2166 20 0.0143120960295
"(-25, -10]" 20.0 56.5 -4.0 -1.0 55 2166 20 0.0253924284395
"(-25, -10]" 20.0 57.5 -4.0 0.0 110 2166 20 0.050784856879
"(-25, -10]" 20.0 58.5 -4.0 1.0 172 2166 20 0.0794090489381
"(-25, -10]" 20.0 59.5 -4.0 2.0 326 2166 20 0.150507848569
"(-25, -10]" 20.0 60.5 -4.0 3.0 584 2166 20 0.269621421976
"(-25, -10]" 20.0 61.5 -4.0 4.0 739 2166 20 0.341181902124
"(-25, -10]" 20.0 62.5 -4.0 5.0 857 2166 20 0.395660203139
"(-25, -10]" 20.0 63.5 -4.0 6.0 848 2166 20 0.391505078486
"(-25, -10]" 20.0 64.5 -4.0 7.0 610 2166 20 0.28162511542
"(-25, -10]" 21.0 50.5 -3.0 -7.0 6 2166 21 0.00277008310249
"(-25, -10]" 21.0 51.5 -3.0 -6.0 7 2166 21 0.00323176361958
"(-25, -10]" 21.0 52.5 -3.0 -5.0 12 2166 21 0.00554016620499
"(-25, -10]" 21.0 53.5 -3.0 -4.0 12 2166 21 0.00554016620499
"(-25, -10]" 21.0 54.5 -3.0 -3.0 17 2166 21 0.0078485687904
"(-25, -10]" 21.0 55.5 -3.0 -2.0 35 2166 21 0.0161588180979
"(-25, -10]" 21.0 56.5 -3.0 -1.0 109 2166 21 0.050323176362
"(-25, -10]" 21.0 57.5 -3.0 0.0 238 2166 21 0.109879963066
"(-25, -10]" 21.0 58.5 -3.0 1.0 480 2166 21 0.221606648199
"(-25, -10]" 21.0 59.5 -3.0 2.0 852 2166 21 0.393351800554
"(-25, -10]" 21.0 60.5 -3.0 3.0 1254 2166 21 0.578947368421
"(-25, -10]" 21.0 61.5 -3.0 4.0 1468 2166 21 0.677746999077
"(-25, -10]" 21.0 62.5 -3.0 5.0 1549 2166 21 0.71514312096
"(-25, -10]" 21.0 63.5 -3.0 6.0 1151 2166 21 0.531394275162
"(-25, -10]" 21.0 64.5 -3.0 7.0 625 2166 21 0.288550323176
"(-25, -10]" 22.0 50.5 -2.0 -7.0 8 2166 22 0.00369344413666
"(-25, -10]" 22.0 51.5 -2.0 -6.0 8 2166 22 0.00369344413666
"(-25, -10]" 22.0 52.5 -2.0 -5.0 8 2166 22 0.00369344413666
"(-25, -10]" 22.0 53.5 -2.0 -4.0 8 2166 22 0.00369344413666
"(-25, -10]" 22.0 54.5 -2.0 -3.0 18 2166 22 0.00831024930748
"(-25, -10]" 22.0 55.5 -2.0 -2.0 41 2166 22 0.0189289012004
"(-25, -10]" 22.0 56.5 -2.0 -1.0 160 2166 22 0.0738688827331
"(-25, -10]" 22.0 57.5 -2.0 0.0 331 2166 22 0.152816251154
"(-25, -10]" 22.0 58.5 -2.0 1.0 736 2166 22 0.339796860572
"(-25, -10]" 22.0 59.5 -2.0 2.0 1252 2166 22 0.578024007387
"(-25, -10]" 22.0 60.5 -2.0 3.0 1883 2166 22 0.869344413666
"(-25, -10]" 22.0 61.5 -2.0 4.0 2166 2166 22 1.0
"(-25, -10]" 22.0 62.5 -2.0 5.0 1885 2166 22 0.8702677747
"(-25, -10]" 22.0 63.5 -2.0 6.0 1042 2166 22 0.4810710988
"(-25, -10]" 22.0 64.5 -2.0 7.0 406 2166 22 0.187442289935
"(-25, -10]" 23.0 50.5 -1.0 -7.0 20 2166 23 0.00923361034164
"(-25, -10]" 23.0 51.5 -1.0 -6.0 14 2166 23 0.00646352723915
"(-25, -10]" 23.0 52.5 -1.0 -5.0 1 2166 23 0.000461680517082
"(-25, -10]" 23.0 53.5 -1.0 -4.0 2 2166 23 0.000923361034164
"(-25, -10]" 23.0 54.5 -1.0 -3.0 31 2166 23 0.0143120960295
"(-25, -10]" 23.0 55.5 -1.0 -2.0 59 2166 23 0.0272391505078
"(-25, -10]" 23.0 56.5 -1.0 -1.0 188 2166 23 0.0867959372114
"(-25, -10]" 23.0 57.5 -1.0 0.0 498 2166 23 0.229916897507
"(-25, -10]" 23.0 58.5 -1.0 1.0 928 2166 23 0.428439519852
"(-25, -10]" 23.0 59.5 -1.0 2.0 1534 2166 23 0.708217913204
"(-25, -10]" 23.0 60.5 -1.0 3.0 2076 2166 23 0.958448753463
"(-25, -10]" 23.0 61.5 -1.0 4.0 2034 2166 23 0.939058171745
"(-25, -10]" 23.0 62.5 -1.0 5.0 1490 2166 23 0.687903970452
"(-25, -10]" 23.0 63.5 -1.0 6.0 667 2166 23 0.307940904894
"(-25, -10]" 23.0 64.5 -1.0 7.0 223 2166 23 0.102954755309
"(-10, 10]" 0.0 50.5 0.0 -7.0 16 1085 0 0.0147465437788
"(-10, 10]" 0.0 51.5 0.0 -6.0 21 1085 0 0.0193548387097
"(-10, 10]" 0.0 52.5 0.0 -5.0 13 1085 0 0.0119815668203
"(-10, 10]" 0.0 53.5 0.0 -4.0 6 1085 0 0.00552995391705
"(-10, 10]" 0.0 54.5 0.0 -3.0 12 1085 0 0.0110599078341
"(-10, 10]" 0.0 55.5 0.0 -2.0 20 1085 0 0.0184331797235
"(-10, 10]" 0.0 56.5 0.0 -1.0 42 1085 0 0.0387096774194
"(-10, 10]" 0.0 57.5 0.0 0.0 98 1085 0 0.0903225806452
"(-10, 10]" 0.0 58.5 0.0 1.0 221 1085 0 0.203686635945
"(-10, 10]" 0.0 59.5 0.0 2.0 332 1085 0 0.30599078341
"(-10, 10]" 0.0 60.5 0.0 3.0 404 1085 0 0.372350230415
"(-10, 10]" 0.0 61.5 0.0 4.0 457 1085 0 0.421198156682
"(-10, 10]" 0.0 62.5 0.0 5.0 406 1085 0 0.374193548387
"(-10, 10]" 0.0 63.5 0.0 6.0 230 1085 0 0.21198156682
"(-10, 10]" 0.0 64.5 0.0 7.0 58 1085 0 0.0534562211982
"(-10, 10]" 1.0 50.5 1.0 -7.0 43 1085 1 0.0396313364055
"(-10, 10]" 1.0 51.5 1.0 -6.0 60 1085 1 0.0552995391705
"(-10, 10]" 1.0 52.5 1.0 -5.0 38 1085 1 0.0350230414747
"(-10, 10]" 1.0 53.5 1.0 -4.0 27 1085 1 0.0248847926267
"(-10, 10]" 1.0 54.5 1.0 -3.0 33 1085 1 0.0304147465438
"(-10, 10]" 1.0 55.5 1.0 -2.0 65 1085 1 0.0599078341014
"(-10, 10]" 1.0 56.5 1.0 -1.0 104 1085 1 0.0958525345622
"(-10, 10]" 1.0 57.5 1.0 0.0 298 1085 1 0.27465437788
"(-10, 10]" 1.0 58.5 1.0 1.0 467 1085 1 0.430414746544
"(-10, 10]" 1.0 59.5 1.0 2.0 569 1085 1 0.524423963134
"(-10, 10]" 1.0 60.5 1.0 3.0 676 1085 1 0.623041474654
"(-10, 10]" 1.0 61.5 1.0 4.0 757 1085 1 0.697695852535
"(-10, 10]" 1.0 62.5 1.0 5.0 597 1085 1 0.550230414747
"(-10, 10]" 1.0 63.5 1.0 6.0 228 1085 1 0.210138248848
"(-10, 10]" 1.0 64.5 1.0 7.0 33 1085 1 0.0304147465438
"(-10, 10]" 2.0 50.5 2.0 -7.0 65 1085 2 0.0599078341014
"(-10, 10]" 2.0 51.5 2.0 -6.0 72 1085 2 0.0663594470046
"(-10, 10]" 2.0 52.5 2.0 -5.0 31 1085 2 0.0285714285714
"(-10, 10]" 2.0 53.5 2.0 -4.0 29 1085 2 0.0267281105991
"(-10, 10]" 2.0 54.5 2.0 -3.0 61 1085 2 0.0562211981567
"(-10, 10]" 2.0 55.5 2.0 -2.0 102 1085 2 0.0940092165899
"(-10, 10]" 2.0 56.5 2.0 -1.0 149 1085 2 0.13732718894
"(-10, 10]" 2.0 57.5 2.0 0.0 284 1085 2 0.261751152074
"(-10, 10]" 2.0 58.5 2.0 1.0 347 1085 2 0.319815668203
"(-10, 10]" 2.0 59.5 2.0 2.0 352 1085 2 0.324423963134
"(-10, 10]" 2.0 60.5 2.0 3.0 422 1085 2 0.388940092166
"(-10, 10]" 2.0 61.5 2.0 4.0 521 1085 2 0.480184331797
"(-10, 10]" 2.0 62.5 2.0 5.0 380 1085 2 0.350230414747
"(-10, 10]" 2.0 63.5 2.0 6.0 126 1085 2 0.116129032258
"(-10, 10]" 2.0 64.5 2.0 7.0 18 1085 2 0.0165898617512
"(-10, 10]" 3.0 50.5 3.0 -7.0 112 1085 3 0.103225806452
"(-10, 10]" 3.0 51.5 3.0 -6.0 140 1085 3 0.129032258065
"(-10, 10]" 3.0 52.5 3.0 -5.0 90 1085 3 0.0829493087558
"(-10, 10]" 3.0 53.5 3.0 -4.0 54 1085 3 0.0497695852535
"(-10, 10]" 3.0 54.5 3.0 -3.0 67 1085 3 0.0617511520737
"(-10, 10]" 3.0 55.5 3.0 -2.0 79 1085 3 0.0728110599078
"(-10, 10]" 3.0 56.5 3.0 -1.0 111 1085 3 0.102304147465
"(-10, 10]" 3.0 57.5 3.0 0.0 195 1085 3 0.179723502304
"(-10, 10]" 3.0 58.5 3.0 1.0 180 1085 3 0.165898617512
"(-10, 10]" 3.0 59.5 3.0 2.0 188 1085 3 0.173271889401
"(-10, 10]" 3.0 60.5 3.0 3.0 178 1085 3 0.164055299539
"(-10, 10]" 3.0 61.5 3.0 4.0 199 1085 3 0.183410138249
"(-10, 10]" 3.0 62.5 3.0 5.0 125 1085 3 0.115207373272
"(-10, 10]" 3.0 63.5 3.0 6.0 49 1085 3 0.0451612903226
"(-10, 10]" 3.0 64.5 3.0 7.0 24 1085 3 0.0221198156682
"(-10, 10]" 4.0 50.5 4.0 -7.0 69 1085 4 0.0635944700461
"(-10, 10]" 4.0 51.5 4.0 -6.0 65 1085 4 0.0599078341014
"(-10, 10]" 4.0 52.5 4.0 -5.0 33 1085 4 0.0304147465438
"(-10, 10]" 4.0 53.5 4.0 -4.0 40 1085 4 0.036866359447
"(-10, 10]" 4.0 54.5 4.0 -3.0 45 1085 4 0.0414746543779
"(-10, 10]" 4.0 55.5 4.0 -2.0 31 1085 4 0.0285714285714
"(-10, 10]" 4.0 56.5 4.0 -1.0 25 1085 4 0.0230414746544
"(-10, 10]" 4.0 57.5 4.0 0.0 44 1085 4 0.0405529953917
"(-10, 10]" 4.0 58.5 4.0 1.0 58 1085 4 0.0534562211982
"(-10, 10]" 4.0 59.5 4.0 2.0 49 1085 4 0.0451612903226
"(-10, 10]" 4.0 60.5 4.0 3.0 28 1085 4 0.0258064516129
"(-10, 10]" 4.0 61.5 4.0 4.0 25 1085 4 0.0230414746544
"(-10, 10]" 4.0 62.5 4.0 5.0 18 1085 4 0.0165898617512
"(-10, 10]" 4.0 63.5 4.0 6.0 23 1085 4 0.021198156682
"(-10, 10]" 4.0 64.5 4.0 7.0 10 1085 4 0.00921658986175
"(-10, 10]" 5.0 50.5 5.0 -7.0 32 1085 5 0.0294930875576
"(-10, 10]" 5.0 51.5 5.0 -6.0 27 1085 5 0.0248847926267
"(-10, 10]" 5.0 52.5 5.0 -5.0 14 1085 5 0.0129032258065
"(-10, 10]" 5.0 53.5 5.0 -4.0 18 1085 5 0.0165898617512
"(-10, 10]" 5.0 54.5 5.0 -3.0 9 1085 5 0.00829493087558
"(-10, 10]" 5.0 55.5 5.0 -2.0 5 1085 5 0.00460829493088
"(-10, 10]" 5.0 56.5 5.0 -1.0 7 1085 5 0.00645161290323
"(-10, 10]" 5.0 57.5 5.0 0.0 10 1085 5 0.00921658986175
"(-10, 10]" 5.0 58.5 5.0 1.0 13 1085 5 0.0119815668203
"(-10, 10]" 5.0 59.5 5.0 2.0 7 1085 5 0.00645161290323
"(-10, 10]" 5.0 60.5 5.0 3.0 5 1085 5 0.00460829493088
"(-10, 10]" 5.0 61.5 5.0 4.0 12 1085 5 0.0110599078341
"(-10, 10]" 5.0 62.5 5.0 5.0 11 1085 5 0.0101382488479
"(-10, 10]" 5.0 63.5 5.0 6.0 5 1085 5 0.00460829493088
"(-10, 10]" 5.0 64.5 5.0 7.0 5 1085 5 0.00460829493088
"(-10, 10]" 6.0 50.5 6.0 -7.0 14 1085 6 0.0129032258065
"(-10, 10]" 6.0 51.5 6.0 -6.0 3 1085 6 0.00276497695853
"(-10, 10]" 6.0 55.5 6.0 -2.0 1 1085 6 0.000921658986175
"(-10, 10]" 6.0 56.5 6.0 -1.0 1 1085 6 0.000921658986175
"(-10, 10]" 6.0 57.5 6.0 0.0 2 1085 6 0.00184331797235
"(-10, 10]" 6.0 58.5 6.0 1.0 1 1085 6 0.000921658986175
"(-10, 10]" 6.0 59.5 6.0 2.0 1 1085 6 0.000921658986175
"(-10, 10]" 6.0 61.5 6.0 4.0 1 1085 6 0.000921658986175
"(-10, 10]" 7.0 50.5 7.0 -7.0 5 1085 7 0.00460829493088
"(-10, 10]" 7.0 58.5 7.0 1.0 2 1085 7 0.00184331797235
"(-10, 10]" 8.0 51.5 8.0 -6.0 1 1085 8 0.000921658986175
"(-10, 10]" 15.0 64.5 -9.0 7.0 1 1085 15 0.000921658986175
"(-10, 10]" 16.0 51.5 -8.0 -6.0 1 1085 16 0.000921658986175
"(-10, 10]" 16.0 61.5 -8.0 4.0 5 1085 16 0.00460829493088
"(-10, 10]" 16.0 62.5 -8.0 5.0 6 1085 16 0.00552995391705
"(-10, 10]" 16.0 63.5 -8.0 6.0 5 1085 16 0.00460829493088
"(-10, 10]" 16.0 64.5 -8.0 7.0 6 1085 16 0.00552995391705
"(-10, 10]" 17.0 57.5 -7.0 0.0 3 1085 17 0.00276497695853
"(-10, 10]" 17.0 58.5 -7.0 1.0 3 1085 17 0.00276497695853
"(-10, 10]" 17.0 59.5 -7.0 2.0 1 1085 17 0.000921658986175
"(-10, 10]" 17.0 60.5 -7.0 3.0 4 1085 17 0.0036866359447
"(-10, 10]" 17.0 61.5 -7.0 4.0 5 1085 17 0.00460829493088
"(-10, 10]" 17.0 62.5 -7.0 5.0 11 1085 17 0.0101382488479
"(-10, 10]" 17.0 63.5 -7.0 6.0 23 1085 17 0.021198156682
"(-10, 10]" 17.0 64.5 -7.0 7.0 31 1085 17 0.0285714285714
"(-10, 10]" 18.0 51.5 -6.0 -6.0 1 1085 18 0.000921658986175
"(-10, 10]" 18.0 56.5 -6.0 -1.0 5 1085 18 0.00460829493088
"(-10, 10]" 18.0 57.5 -6.0 0.0 8 1085 18 0.0073732718894
"(-10, 10]" 18.0 58.5 -6.0 1.0 9 1085 18 0.00829493087558
"(-10, 10]" 18.0 59.5 -6.0 2.0 12 1085 18 0.0110599078341
"(-10, 10]" 18.0 60.5 -6.0 3.0 35 1085 18 0.0322580645161
"(-10, 10]" 18.0 61.5 -6.0 4.0 46 1085 18 0.0423963133641
"(-10, 10]" 18.0 62.5 -6.0 5.0 73 1085 18 0.0672811059908
"(-10, 10]" 18.0 63.5 -6.0 6.0 97 1085 18 0.089400921659
"(-10, 10]" 18.0 64.5 -6.0 7.0 116 1085 18 0.106912442396
"(-10, 10]" 19.0 54.5 -5.0 -3.0 2 1085 19 0.00184331797235
"(-10, 10]" 19.0 55.5 -5.0 -2.0 1 1085 19 0.000921658986175
"(-10, 10]" 19.0 56.5 -5.0 -1.0 12 1085 19 0.0110599078341
"(-10, 10]" 19.0 57.5 -5.0 0.0 16 1085 19 0.0147465437788
"(-10, 10]" 19.0 58.5 -5.0 1.0 35 1085 19 0.0322580645161
"(-10, 10]" 19.0 59.5 -5.0 2.0 56 1085 19 0.0516129032258
"(-10, 10]" 19.0 60.5 -5.0 3.0 103 1085 19 0.094930875576
"(-10, 10]" 19.0 61.5 -5.0 4.0 154 1085 19 0.141935483871
"(-10, 10]" 19.0 62.5 -5.0 5.0 171 1085 19 0.157603686636
"(-10, 10]" 19.0 63.5 -5.0 6.0 244 1085 19 0.224884792627
"(-10, 10]" 19.0 64.5 -5.0 7.0 279 1085 19 0.257142857143
"(-10, 10]" 20.0 50.5 -4.0 -7.0 9 1085 20 0.00829493087558
"(-10, 10]" 20.0 51.5 -4.0 -6.0 5 1085 20 0.00460829493088
"(-10, 10]" 20.0 52.5 -4.0 -5.0 5 1085 20 0.00460829493088
"(-10, 10]" 20.0 53.5 -4.0 -4.0 2 1085 20 0.00184331797235
"(-10, 10]" 20.0 54.5 -4.0 -3.0 6 1085 20 0.00552995391705
"(-10, 10]" 20.0 55.5 -4.0 -2.0 12 1085 20 0.0110599078341
"(-10, 10]" 20.0 56.5 -4.0 -1.0 24 1085 20 0.0221198156682
"(-10, 10]" 20.0 57.5 -4.0 0.0 40 1085 20 0.036866359447
"(-10, 10]" 20.0 58.5 -4.0 1.0 58 1085 20 0.0534562211982
"(-10, 10]" 20.0 59.5 -4.0 2.0 71 1085 20 0.0654377880184
"(-10, 10]" 20.0 60.5 -4.0 3.0 155 1085 20 0.142857142857
"(-10, 10]" 20.0 61.5 -4.0 4.0 252 1085 20 0.232258064516
"(-10, 10]" 20.0 62.5 -4.0 5.0 325 1085 20 0.299539170507
"(-10, 10]" 20.0 63.5 -4.0 6.0 392 1085 20 0.361290322581
"(-10, 10]" 20.0 64.5 -4.0 7.0 476 1085 20 0.438709677419
"(-10, 10]" 21.0 50.5 -3.0 -7.0 5 1085 21 0.00460829493088
"(-10, 10]" 21.0 51.5 -3.0 -6.0 4 1085 21 0.0036866359447
"(-10, 10]" 21.0 52.5 -3.0 -5.0 2 1085 21 0.00184331797235
"(-10, 10]" 21.0 54.5 -3.0 -3.0 1 1085 21 0.000921658986175
"(-10, 10]" 21.0 55.5 -3.0 -2.0 17 1085 21 0.015668202765
"(-10, 10]" 21.0 56.5 -3.0 -1.0 32 1085 21 0.0294930875576
"(-10, 10]" 21.0 57.5 -3.0 0.0 62 1085 21 0.0571428571429
"(-10, 10]" 21.0 58.5 -3.0 1.0 113 1085 21 0.104147465438
"(-10, 10]" 21.0 59.5 -3.0 2.0 230 1085 21 0.21198156682
"(-10, 10]" 21.0 60.5 -3.0 3.0 342 1085 21 0.315207373272
"(-10, 10]" 21.0 61.5 -3.0 4.0 490 1085 21 0.451612903226
"(-10, 10]" 21.0 62.5 -3.0 5.0 595 1085 21 0.548387096774
"(-10, 10]" 21.0 63.5 -3.0 6.0 616 1085 21 0.567741935484
"(-10, 10]" 21.0 64.5 -3.0 7.0 580 1085 21 0.534562211982
"(-10, 10]" 22.0 50.5 -2.0 -7.0 2 1085 22 0.00184331797235
"(-10, 10]" 22.0 51.5 -2.0 -6.0 5 1085 22 0.00460829493088
"(-10, 10]" 22.0 52.5 -2.0 -5.0 3 1085 22 0.00276497695853
"(-10, 10]" 22.0 54.5 -2.0 -3.0 3 1085 22 0.00276497695853
"(-10, 10]" 22.0 55.5 -2.0 -2.0 9 1085 22 0.00829493087558
"(-10, 10]" 22.0 56.5 -2.0 -1.0 42 1085 22 0.0387096774194
"(-10, 10]" 22.0 57.5 -2.0 0.0 104 1085 22 0.0958525345622
"(-10, 10]" 22.0 58.5 -2.0 1.0 222 1085 22 0.204608294931
"(-10, 10]" 22.0 59.5 -2.0 2.0 391 1085 22 0.360368663594
"(-10, 10]" 22.0 60.5 -2.0 3.0 636 1085 22 0.586175115207
"(-10, 10]" 22.0 61.5 -2.0 4.0 867 1085 22 0.799078341014
"(-10, 10]" 22.0 62.5 -2.0 5.0 1044 1085 22 0.962211981567
"(-10, 10]" 22.0 63.5 -2.0 6.0 914 1085 22 0.842396313364
"(-10, 10]" 22.0 64.5 -2.0 7.0 602 1085 22 0.554838709677
"(-10, 10]" 23.0 50.5 -1.0 -7.0 1 1085 23 0.000921658986175
"(-10, 10]" 23.0 51.5 -1.0 -6.0 3 1085 23 0.00276497695853
"(-10, 10]" 23.0 52.5 -1.0 -5.0 5 1085 23 0.00460829493088
"(-10, 10]" 23.0 53.5 -1.0 -4.0 1 1085 23 0.000921658986175
"(-10, 10]" 23.0 54.5 -1.0 -3.0 4 1085 23 0.0036866359447
"(-10, 10]" 23.0 55.5 -1.0 -2.0 31 1085 23 0.0285714285714
"(-10, 10]" 23.0 56.5 -1.0 -1.0 72 1085 23 0.0663594470046
"(-10, 10]" 23.0 57.5 -1.0 0.0 144 1085 23 0.132718894009
"(-10, 10]" 23.0 58.5 -1.0 1.0 350 1085 23 0.322580645161
"(-10, 10]" 23.0 59.5 -1.0 2.0 583 1085 23 0.53732718894
"(-10, 10]" 23.0 60.5 -1.0 3.0 905 1085 23 0.834101382488
"(-10, 10]" 23.0 61.5 -1.0 4.0 1056 1085 23 0.973271889401
"(-10, 10]" 23.0 62.5 -1.0 5.0 1085 1085 23 1.0
"(-10, 10]" 23.0 63.5 -1.0 6.0 804 1085 23 0.741013824885
"(-10, 10]" 23.0 64.5 -1.0 7.0 357 1085 23 0.329032258065
