dst_med BndMlon BndEquMlat BndEquTecVal BndPolMlat BndPolTecVal minTecMlat minTecVal BndMLT BndNormMLT
-95.0 279.91 56.11 15.74 66.28 8.41 63.24 6.67 16.1 -7.9
-95.0 283.06 56.41 16.32 66.69 8.31 63.33 6.96 16.2 -7.8
-95.0 282.48 56.93 14.31 66.62 8.01 63.29 6.55 16.3 -7.7
-95.0 283.9 56.73 14.4 66.33 7.97 62.89 6.4 16.4 -7.6
-57.0 275.7 57.5 12.09 67.14 7.03 63.71 5.4 16.4 -7.6
-95.0 285.21 56.78 13.92 66.21 7.91 62.84 6.27 16.5 -7.5
-57.0 275.29 57.66 12.51 67.09 6.92 63.92 5.47 16.5 -7.5
-95.0 288.47 56.43 13.24 66.0 7.81 62.59 6.2 16.6 -7.4
-57.0 276.95 57.94 12.06 67.44 7.09 63.97 5.54 16.6 -7.4
-95.0 287.95 55.86 12.8 66.11 7.4 62.43 6.0 16.7 -7.3
-57.0 278.93 57.77 11.74 67.17 7.08 63.66 5.37 16.7 -7.3
-95.0 289.0 55.76 12.83 65.86 7.4 62.1 5.8 16.8 -7.2
-57.0 279.15 57.86 11.1 67.15 6.99 63.95 5.29 16.8 -7.2
-95.0 291.28 55.84 12.49 65.91 7.26 62.25 5.7 16.9 -7.1
-57.0 278.1 57.85 11.43 67.23 7.08 63.93 5.43 16.9 -7.1
-95.0 292.98 55.8 12.17 65.56 7.45 61.85 5.61 17.0 -7.0
-57.0 279.03 57.65 11.37 67.08 7.05 63.72 5.41 17.0 -7.0
-95.0 292.34 55.85 11.56 65.56 7.27 61.77 5.48 17.1 -6.9
-36.0 277.07 59.05 10.96 67.43 8.03 64.21 6.19 17.1 -6.9
-57.0 280.02 57.53 10.84 67.12 6.88 63.75 5.25 17.1 -6.9
-95.0 293.69 55.84 11.85 65.08 7.58 61.27 5.63 17.2 -6.8
-36.0 276.44 59.07 10.48 67.43 7.91 64.11 6.02 17.2 -6.8
-57.0 280.05 57.62 10.84 67.24 7.07 63.92 5.2 17.2 -6.8
-95.0 296.12 55.64 12.14 64.65 7.86 60.98 5.54 17.3 -6.7
-36.0 276.79 58.94 10.46 67.4 7.94 63.99 6.04 17.3 -6.7
-57.0 282.05 57.66 11.2 67.15 7.19 63.74 5.45 17.3 -6.7
-95.0 296.93 55.57 11.8 64.74 8.25 60.6 5.56 17.4 -6.6
-36.0 277.45 58.78 10.25 67.24 7.72 63.85 5.91 17.4 -6.6
-57.0 283.6 57.47 10.86 66.67 7.09 63.31 5.21 17.4 -6.6
-95.0 297.03 55.09 12.27 64.07 8.27 60.18 5.77 17.5 -6.5
-36.0 279.25 58.56 10.21 67.03 7.7 63.6 5.82 17.5 -6.5
-57.0 286.07 57.56 10.54 66.76 7.06 63.31 5.27 17.5 -6.5
-95.0 298.97 55.1 12.04 64.12 8.09 60.13 5.55 17.6 -6.4
-36.0 279.65 58.25 10.22 66.85 7.53 63.35 5.71 17.6 -6.4
-57.0 287.72 57.41 10.46 66.54 6.91 63.08 5.14 17.6 -6.4
-95.0 301.23 54.62 12.77 63.59 8.86 59.64 5.79 17.7 -6.3
-36.0 279.94 58.07 10.01 66.69 7.46 63.17 5.6 17.7 -6.3
-57.0 288.26 56.83 10.62 66.26 7.06 62.76 5.27 17.7 -6.3
-95.0 302.02 54.04 13.11 63.61 8.72 59.32 5.66 17.8 -6.2
-36.0 280.74 57.89 9.83 66.48 7.39 62.91 5.5 17.8 -6.2
-57.0 289.82 56.38 10.55 65.79 6.83 62.31 5.04 17.8 -6.2
-95.0 301.19 53.92 12.92 63.38 8.72 59.32 5.7 17.9 -6.1
-36.0 282.87 57.67 9.75 66.22 7.34 62.68 5.4 17.9 -6.1
-57.0 291.61 56.59 10.09 65.69 6.81 62.17 5.11 17.9 -6.1
-95.0 301.25 53.68 12.81 63.07 8.46 58.96 5.84 18.0 -6.0
-36.0 283.05 57.61 9.66 66.2 7.29 62.7 5.32 18.0 -6.0
-57.0 291.87 56.28 9.97 65.37 6.86 61.86 5.11 18.0 -6.0
-95.0 303.76 53.45 12.93 62.9 8.3 58.61 5.7 18.1 -5.9
-18.0 276.28 58.67 10.4 67.02 8.19 63.73 6.34 18.1 -5.9
-36.0 284.4 57.44 9.51 66.21 7.23 62.57 5.23 18.1 -5.9
-57.0 292.8 56.51 9.78 65.35 6.95 61.76 5.15 18.1 -5.9
-95.0 304.18 53.45 12.64 62.95 8.56 58.59 5.68 18.2 -5.8
-18.0 276.73 58.89 10.34 67.16 8.11 63.79 6.33 18.2 -5.8
-36.0 284.79 57.39 9.34 66.05 7.16 62.4 5.2 18.2 -5.8
-57.0 293.2 56.69 9.4 65.2 6.84 61.62 4.98 18.2 -5.8
-95.0 303.5 53.03 12.08 62.47 8.59 58.14 5.55 18.3 -5.7
-18.0 277.1 58.74 10.39 67.16 8.12 63.73 6.32 18.3 -5.7
-36.0 286.48 57.26 9.21 65.84 7.1 62.18 5.08 18.3 -5.7
-57.0 294.74 56.21 9.37 64.72 6.85 61.17 5.02 18.3 -5.7
-95.0 304.42 53.05 11.99 62.6 8.85 58.03 5.46 18.4 -5.6
-18.0 276.95 58.58 10.06 66.99 8.02 63.55 6.04 18.4 -5.6
-36.0 287.95 57.11 9.21 65.69 7.04 62.02 5.03 18.4 -5.6
-57.0 296.43 56.25 9.24 64.81 6.92 61.27 4.92 18.4 -5.6
-5.0 282.11 57.98 9.35 66.12 8.59 61.96 5.59 18.5 -5.5
-95.0 304.87 53.24 12.15 62.52 8.68 58.13 5.55 18.5 -5.5
-18.0 277.49 58.59 10.03 67.01 7.93 63.54 6.05 18.5 -5.5
-36.0 288.41 56.99 9.15 65.7 7.05 61.88 4.96 18.5 -5.5
-57.0 297.35 55.72 9.4 64.49 7.02 60.74 4.88 18.5 -5.5
-5.0 280.97 57.58 10.09 65.3 8.42 61.69 5.77 18.6 -5.4
-95.0 304.62 52.85 11.7 62.3 8.77 57.72 5.22 18.6 -5.4
-18.0 277.94 58.42 9.73 66.81 7.82 63.24 5.82 18.6 -5.4
-36.0 289.67 56.84 8.96 65.46 6.99 61.69 4.92 18.6 -5.4
-57.0 298.95 55.65 9.08 64.33 6.73 60.52 4.67 18.6 -5.4
-5.0 280.93 56.96 9.71 65.23 8.22 61.16 5.53 18.7 -5.3
-95.0 304.96 52.65 11.7 62.05 8.9 57.43 5.28 18.7 -5.3
-18.0 278.66 58.11 9.71 66.69 7.92 63.1 5.84 18.7 -5.3
-36.0 291.44 56.57 8.95 65.25 6.97 61.4 4.89 18.7 -5.3
-57.0 300.58 55.55 9.07 64.43 6.79 60.43 4.68 18.7 -5.3
-5.0 279.05 57.53 9.83 65.41 8.31 61.68 5.68 18.8 -5.2
-95.0 306.63 52.83 10.88 61.94 8.2 57.48 5.09 18.8 -5.2
-18.0 278.33 57.98 9.62 66.63 7.8 63.12 5.74 18.8 -5.2
-36.0 292.49 56.54 8.86 65.25 7.03 61.31 4.86 18.8 -5.2
-57.0 301.03 55.15 9.06 64.01 6.94 59.92 4.65 18.8 -5.2
-5.0 279.16 56.88 9.7 65.17 8.43 61.25 5.65 18.9 -5.1
-95.0 304.96 52.78 11.32 61.79 8.55 57.48 5.35 18.9 -5.1
-18.0 279.45 57.7 9.82 66.38 7.82 62.77 5.82 18.9 -5.1
-36.0 293.11 56.47 8.72 65.03 7.06 61.12 4.81 18.9 -5.1
-57.0 301.84 54.66 9.14 63.48 7.03 59.53 4.8 18.9 -5.1
-5.0 277.93 57.26 9.6 65.51 8.3 61.48 5.55 19.0 -5.0
-95.0 305.75 52.77 10.9 61.84 8.52 57.33 5.16 19.0 -5.0
-18.0 279.61 57.42 9.62 66.15 7.68 62.54 5.79 19.0 -5.0
-36.0 293.91 56.41 8.6 65.02 7.01 60.96 4.75 19.0 -5.0
-57.0 303.11 54.43 8.97 63.32 6.78 59.25 4.59 19.0 -5.0
-5.0 278.38 57.89 9.57 66.04 8.12 62.21 5.4 19.1 -4.9
-95.0 305.89 52.16 11.06 61.24 8.33 56.82 5.13 19.1 -4.9
-18.0 279.56 57.29 9.61 66.16 7.7 62.42 5.81 19.1 -4.9
-36.0 295.77 56.33 8.47 64.98 6.86 60.92 4.69 19.1 -4.9
-57.0 305.31 54.3 8.97 63.16 6.87 59.07 4.55 19.1 -4.9
-5.0 277.22 58.08 9.62 66.26 8.08 62.47 5.36 19.2 -4.8
-95.0 307.8 52.26 10.85 61.32 8.51 56.75 5.02 19.2 -4.8
-18.0 279.48 57.28 9.55 66.08 7.62 62.33 5.72 19.2 -4.8
-36.0 296.36 56.24 8.49 64.84 6.99 60.82 4.76 19.2 -4.8
-57.0 304.09 54.31 8.96 63.15 6.85 59.15 4.48 19.2 -4.8
-5.0 277.81 57.66 9.54 65.84 8.0 61.99 5.21 19.3 -4.7
-95.0 308.49 52.31 10.92 61.44 8.31 56.83 5.06 19.3 -4.7
-18.0 280.88 57.44 9.54 66.02 7.65 62.38 5.67 19.3 -4.7
-36.0 296.64 56.18 8.47 64.75 6.95 60.7 4.75 19.3 -4.7
-57.0 304.5 54.21 9.1 63.07 7.0 59.05 4.58 19.3 -4.7
-5.0 277.34 58.17 9.49 66.17 7.9 62.38 5.18 19.4 -4.6
-95.0 309.84 51.96 11.01 61.21 8.66 56.47 5.02 19.4 -4.6
-18.0 280.42 57.49 9.43 66.08 7.56 62.41 5.62 19.4 -4.6
-36.0 298.21 56.09 8.44 64.66 6.96 60.6 4.75 19.4 -4.6
-57.0 305.83 54.0 8.88 62.72 6.9 58.74 4.3 19.4 -4.6
-5.0 280.66 57.34 9.4 65.68 7.9 61.68 5.07 19.5 -4.5
-95.0 311.17 51.37 11.22 60.57 8.37 55.99 5.01 19.5 -4.5
-18.0 280.28 57.41 9.26 65.86 7.56 62.16 5.56 19.5 -4.5
-36.0 299.06 55.93 8.36 64.66 7.03 60.48 4.68 19.5 -4.5
-57.0 303.62 53.89 8.73 62.6 6.78 58.6 4.26 19.5 -4.5
-5.0 279.95 57.52 9.5 65.69 7.89 61.91 5.14 19.6 -4.4
-95.0 311.16 51.31 10.79 60.42 8.02 55.87 4.83 19.6 -4.4
-18.0 281.19 57.38 9.27 65.78 7.6 62.08 5.55 19.6 -4.4
-36.0 299.46 55.75 8.32 64.45 6.98 60.3 4.63 19.6 -4.4
-57.0 303.58 53.77 8.64 62.4 6.58 58.34 4.17 19.6 -4.4
-5.0 282.1 57.2 9.57 65.53 7.92 61.59 5.14 19.7 -4.3
-95.0 312.34 51.36 10.74 60.53 7.94 56.01 4.81 19.7 -4.3
-18.0 282.73 57.29 9.45 65.7 7.69 61.99 5.61 19.7 -4.3
-36.0 299.41 55.6 8.27 64.36 7.08 60.16 4.61 19.7 -4.3
-57.0 306.54 53.76 8.66 62.44 6.81 58.39 4.27 19.7 -4.3
-5.0 281.62 57.88 9.71 66.16 7.91 62.28 5.17 19.8 -4.2
-95.0 307.56 51.33 10.88 60.5 8.23 55.76 4.9 19.8 -4.2
-18.0 283.17 57.04 9.34 65.64 7.63 61.84 5.48 19.8 -4.2
-36.0 300.95 55.58 8.14 64.13 6.91 60.01 4.47 19.8 -4.2
-57.0 304.73 53.54 8.57 62.35 6.72 58.24 4.16 19.8 -4.2
-5.0 282.16 57.38 9.5 65.89 7.78 61.91 5.01 19.9 -4.1
-95.0 308.79 50.82 11.15 60.3 8.33 55.44 4.93 19.9 -4.1
-18.0 284.56 56.84 9.2 65.38 7.72 61.51 5.4 19.9 -4.1
-36.0 301.28 55.29 8.15 63.98 6.85 59.8 4.48 19.9 -4.1
-57.0 302.89 53.41 8.43 62.5 6.76 58.12 4.13 19.9 -4.1
-5.0 283.49 57.29 9.59 65.94 7.92 61.74 4.9 20.0 -4.0
-95.0 311.88 50.57 11.03 60.02 8.24 55.26 4.69 20.0 -4.0
-18.0 284.75 56.81 9.2 65.37 7.78 61.46 5.48 20.0 -4.0
-36.0 301.91 55.15 8.08 63.8 6.85 59.57 4.38 20.0 -4.0
-57.0 302.32 53.54 8.49 62.36 6.68 58.27 4.09 20.0 -4.0
-5.0 283.89 57.08 9.52 65.55 7.68 61.51 4.98 20.1 -3.9
-95.0 312.1 50.81 11.07 60.3 8.49 55.35 4.73 20.1 -3.9
-18.0 285.73 56.82 9.24 65.37 7.81 61.51 5.46 20.1 -3.9
-36.0 302.69 55.08 7.99 63.8 6.82 59.56 4.4 20.1 -3.9
-57.0 305.42 53.46 8.57 62.36 6.75 58.22 4.09 20.1 -3.9
-5.0 285.07 56.85 9.34 65.11 7.82 61.23 4.81 20.2 -3.8
-95.0 306.93 50.77 11.1 60.15 8.25 55.3 4.84 20.2 -3.8
-18.0 285.8 56.64 9.07 65.13 7.75 61.22 5.39 20.2 -3.8
-36.0 303.72 54.94 7.89 63.67 6.83 59.37 4.37 20.2 -3.8
-57.0 304.19 53.39 8.25 62.2 6.6 58.06 4.09 20.2 -3.8
-5.0 285.44 56.66 9.35 65.21 7.6 61.23 4.84 20.3 -3.7
-95.0 307.27 50.79 11.03 60.46 8.4 55.39 4.88 20.3 -3.7
-18.0 286.56 56.46 8.89 64.97 7.66 60.99 5.3 20.3 -3.7
-36.0 302.1 54.92 7.81 63.58 6.85 59.32 4.35 20.3 -3.7
-57.0 299.84 53.31 8.24 62.12 6.54 58.03 4.1 20.3 -3.7
-5.0 285.22 56.62 9.17 64.96 7.64 61.11 4.73 20.4 -3.6
-95.0 299.83 50.62 11.03 60.0 7.98 55.26 4.77 20.4 -3.6
-18.0 286.75 56.27 8.91 64.76 7.75 60.8 5.35 20.4 -3.6
-36.0 301.81 54.82 7.74 63.49 6.8 59.21 4.26 20.4 -3.6
-57.0 302.27 53.57 8.07 62.29 6.53 58.17 4.01 20.4 -3.6
-5.0 287.62 56.21 8.73 64.48 7.51 60.59 4.69 20.5 -3.5
-95.0 295.67 50.77 11.28 59.9 8.12 55.36 4.92 20.5 -3.5
-18.0 289.19 56.18 8.78 64.62 7.7 60.64 5.31 20.5 -3.5
-36.0 301.94 54.75 7.58 63.37 6.8 59.05 4.28 20.5 -3.5
-57.0 305.02 53.43 8.25 62.22 6.79 58.08 4.19 20.5 -3.5
-5.0 287.98 56.12 8.62 64.6 7.58 60.45 4.76 20.6 -3.4
-95.0 290.02 50.48 11.53 59.88 8.34 55.13 4.97 20.6 -3.4
-18.0 289.96 55.91 8.64 64.41 7.64 60.41 5.2 20.6 -3.4
-36.0 302.83 54.55 7.59 63.3 6.84 58.95 4.3 20.6 -3.4
-57.0 304.66 53.29 8.16 62.05 6.76 57.88 4.06 20.6 -3.4
-5.0 289.17 55.96 8.37 64.25 7.49 60.23 4.61 20.7 -3.3
-95.0 285.2 50.42 11.61 59.78 8.27 55.01 4.94 20.7 -3.3
-18.0 291.53 55.7 8.56 64.32 7.68 60.18 5.15 20.7 -3.3
-36.0 301.26 54.43 7.52 63.23 6.83 58.83 4.28 20.7 -3.3
-57.0 299.07 52.93 8.34 62.03 6.76 57.73 4.09 20.7 -3.3
-5.0 289.21 56.09 8.1 64.54 7.37 60.33 4.45 20.8 -3.2
-95.0 285.36 50.43 11.41 59.91 8.26 55.03 4.93 20.8 -3.2
-18.0 292.09 55.66 8.37 64.22 7.57 60.13 5.11 20.8 -3.2
-36.0 300.64 54.31 7.39 63.02 6.83 58.64 4.23 20.8 -3.2
-57.0 299.03 53.08 8.24 62.17 6.78 57.82 4.1 20.8 -3.2
-5.0 291.53 55.87 7.97 64.37 7.14 60.1 4.55 20.9 -3.1
-95.0 281.88 50.46 11.56 59.93 8.5 55.1 4.99 20.9 -3.1
-18.0 293.58 55.57 8.29 64.11 7.57 60.0 5.05 20.9 -3.1
-36.0 299.65 54.12 7.34 62.93 6.8 58.52 4.25 20.9 -3.1
-57.0 302.7 53.18 8.35 62.03 6.84 57.85 4.28 20.9 -3.1
-5.0 291.93 55.66 7.8 64.24 7.21 59.9 4.56 21.0 -3.0
-95.0 280.57 50.35 11.51 59.74 8.36 54.98 4.97 21.0 -3.0
-18.0 294.28 55.28 8.04 63.99 7.46 59.74 4.94 21.0 -3.0
-36.0 301.37 54.05 7.32 62.91 6.77 58.48 4.2 21.0 -3.0
-57.0 298.58 53.19 8.19 62.24 6.75 57.86 4.16 21.0 -3.0
-5.0 292.71 55.55 7.83 64.26 7.22 59.86 4.58 21.1 -2.9
-95.0 276.17 50.39 11.38 59.67 8.63 54.88 5.08 21.1 -2.9
-18.0 295.27 55.23 7.96 63.91 7.47 59.67 4.93 21.1 -2.9
-36.0 299.51 53.86 7.29 62.73 6.73 58.33 4.19 21.1 -2.9
-57.0 295.52 53.03 8.27 62.22 6.85 57.84 4.26 21.1 -2.9
-5.0 292.09 55.52 7.75 64.17 7.28 59.84 4.52 21.2 -2.8
-95.0 274.61 50.32 11.65 59.63 8.26 54.96 5.05 21.2 -2.8
-18.0 295.44 55.14 7.86 63.87 7.44 59.55 4.84 21.2 -2.8
-36.0 296.51 53.75 7.24 62.63 6.77 58.19 4.17 21.2 -2.8
-57.0 289.83 53.06 8.3 62.23 6.78 57.95 4.26 21.2 -2.8
-5.0 293.4 55.28 7.6 63.78 7.38 59.43 4.57 21.3 -2.7
-95.0 267.13 50.35 11.55 59.57 8.38 54.93 5.11 21.3 -2.7
-18.0 296.96 54.94 7.78 63.72 7.52 59.33 4.85 21.3 -2.7
-36.0 294.97 53.68 7.16 62.68 6.74 58.13 4.11 21.3 -2.7
-57.0 291.08 52.96 8.67 62.35 7.07 57.82 4.49 21.3 -2.7
-5.0 290.35 55.43 7.55 64.0 7.32 59.72 4.52 21.4 -2.6
-95.0 257.85 50.35 11.47 59.58 8.69 54.93 5.27 21.4 -2.6
-18.0 296.97 54.75 7.64 63.58 7.42 59.13 4.79 21.4 -2.6
-36.0 293.84 53.58 7.21 62.52 6.75 58.08 4.11 21.4 -2.6
-57.0 283.4 52.91 8.59 62.22 6.96 57.78 4.43 21.4 -2.6
-5.0 292.1 55.5 7.52 63.85 7.33 59.57 4.41 21.5 -2.5
-95.0 260.77 50.13 11.47 59.44 8.63 54.68 5.14 21.5 -2.5
-18.0 297.29 54.76 7.6 63.57 7.42 59.09 4.78 21.5 -2.5
-36.0 292.63 53.45 7.13 62.49 6.92 57.98 4.14 21.5 -2.5
-57.0 283.81 53.1 8.6 62.46 7.0 57.92 4.47 21.5 -2.5
-5.0 292.74 55.15 7.5 63.81 7.45 59.51 4.42 21.6 -2.4
-95.0 260.62 49.89 11.95 59.64 8.85 54.75 5.13 21.6 -2.4
-18.0 297.14 54.64 7.76 63.57 7.41 59.09 4.73 21.6 -2.4
-36.0 288.36 53.31 7.19 62.47 6.81 57.96 4.18 21.6 -2.4
-57.0 281.12 52.97 8.51 62.27 7.11 57.82 4.52 21.6 -2.4
-5.0 291.06 54.71 7.51 63.18 7.42 59.03 4.42 21.7 -2.3
-95.0 258.81 50.07 11.43 59.41 8.49 54.74 5.16 21.7 -2.3
-18.0 296.33 54.32 7.58 63.38 7.49 58.8 4.7 21.7 -2.3
-36.0 287.08 53.2 7.11 62.43 6.84 57.86 4.1 21.7 -2.3
-57.0 284.09 52.82 8.77 62.13 7.22 57.63 4.6 21.7 -2.3
-5.0 288.2 54.93 7.35 63.64 7.23 59.27 4.4 21.8 -2.2
-95.0 250.19 50.02 11.57 59.59 8.74 54.64 5.22 21.8 -2.2
-18.0 297.92 54.25 7.47 63.19 7.48 58.69 4.68 21.8 -2.2
-36.0 287.18 53.09 7.06 62.3 6.79 57.73 4.07 21.8 -2.2
-57.0 275.49 52.63 8.76 61.93 7.11 57.52 4.56 21.8 -2.2
-5.0 290.09 54.87 7.26 63.78 7.31 59.35 4.42 21.9 -2.1
-95.0 257.13 49.92 11.42 59.58 8.48 54.56 5.16 21.9 -2.1
-18.0 298.02 54.2 7.45 63.24 7.54 58.63 4.72 21.9 -2.1
-36.0 285.48 53.09 7.02 62.25 6.77 57.73 4.1 21.9 -2.1
-57.0 276.24 52.77 8.63 62.0 7.07 57.55 4.56 21.9 -2.1
-5.0 287.39 54.64 7.03 63.64 7.25 59.13 4.22 22.0 -2.0
-95.0 261.55 50.02 11.54 59.64 8.65 54.71 5.24 22.0 -2.0
-18.0 299.77 54.06 7.38 63.14 7.49 58.54 4.67 22.0 -2.0
-36.0 280.6 53.21 7.04 62.37 6.79 57.76 4.07 22.0 -2.0
-57.0 273.64 52.44 8.64 61.79 7.03 57.3 4.54 22.0 -2.0
-5.0 287.5 54.42 6.9 63.46 7.36 58.96 4.41 22.1 -1.9
-95.0 254.9 49.93 11.26 59.63 8.74 54.54 5.17 22.1 -1.9
-18.0 298.98 53.91 7.43 63.12 7.47 58.5 4.69 22.1 -1.9
-36.0 279.48 53.03 6.95 62.14 6.75 57.57 4.06 22.1 -1.9
-57.0 277.71 52.33 8.91 61.59 7.19 57.19 4.76 22.1 -1.9
-5.0 284.73 54.53 6.76 63.55 7.32 59.07 4.34 22.2 -1.8
-95.0 250.05 49.67 10.94 59.25 8.2 54.29 5.02 22.2 -1.8
-18.0 300.21 54.01 7.39 63.17 7.47 58.53 4.67 22.2 -1.8
-36.0 276.77 52.86 7.02 61.96 6.76 57.5 4.1 22.2 -1.8
-57.0 265.88 52.11 8.84 61.41 7.12 57.06 4.67 22.2 -1.8
-5.0 286.14 54.13 6.64 63.54 7.32 58.71 4.22 22.3 -1.7
-95.0 259.07 49.54 10.64 59.31 8.18 54.23 5.01 22.3 -1.7
-18.0 299.19 53.89 7.24 62.99 7.4 58.4 4.66 22.3 -1.7
-36.0 275.7 52.79 7.01 62.06 6.82 57.45 4.13 22.3 -1.7
-57.0 269.61 52.02 8.95 61.64 7.3 57.12 4.79 22.3 -1.7
-5.0 285.49 54.1 6.51 63.38 7.11 58.68 4.15 22.4 -1.6
-95.0 256.7 49.82 11.04 59.43 8.15 54.5 5.04 22.4 -1.6
-18.0 301.09 53.88 7.22 62.95 7.3 58.39 4.66 22.4 -1.6
-36.0 270.15 52.74 7.02 62.09 6.85 57.44 4.14 22.4 -1.6
-57.0 261.26 52.19 8.88 61.56 7.18 57.24 4.77 22.4 -1.6
-5.0 285.61 53.91 6.43 63.17 7.23 58.35 4.16 22.5 -1.5
-95.0 255.67 49.58 10.93 59.11 8.07 54.26 5.02 22.5 -1.5
-18.0 300.51 53.73 7.22 62.92 7.4 58.27 4.67 22.5 -1.5
-36.0 268.51 52.83 7.0 62.14 6.8 57.5 4.09 22.5 -1.5
-57.0 256.12 52.09 9.08 61.59 7.4 57.21 4.99 22.5 -1.5
-5.0 285.5 53.47 6.59 63.28 7.35 58.25 4.28 22.6 -1.4
-95.0 256.04 49.28 10.89 58.88 8.25 53.98 5.12 22.6 -1.4
-18.0 301.7 53.7 7.13 62.99 7.3 58.25 4.64 22.6 -1.4
-36.0 266.15 52.72 7.0 62.07 6.82 57.43 4.09 22.6 -1.4
-57.0 242.88 52.01 9.05 61.49 7.37 57.06 4.95 22.6 -1.4
-5.0 287.91 53.33 6.46 63.44 7.33 58.15 4.21 22.7 -1.3
-95.0 263.52 49.16 10.59 58.66 8.27 53.79 4.92 22.7 -1.3
-18.0 301.84 53.7 7.16 62.96 7.35 58.21 4.65 22.7 -1.3
-36.0 259.16 52.53 7.1 62.0 6.77 57.29 4.14 22.7 -1.3
-57.0 244.17 52.14 9.11 61.73 7.57 57.09 4.98 22.7 -1.3
-5.0 285.44 53.28 6.22 62.96 7.05 57.87 4.1 22.8 -1.2
-95.0 269.54 49.27 10.79 58.95 8.13 54.04 5.13 22.8 -1.2
-18.0 303.93 53.68 7.15 63.01 7.34 58.23 4.63 22.8 -1.2
-36.0 257.06 52.54 7.13 62.06 6.86 57.31 4.15 22.8 -1.2
-57.0 245.48 52.03 9.12 61.45 7.49 56.87 4.91 22.8 -1.2
-5.0 289.21 53.06 6.28 62.67 7.0 57.73 4.09 22.9 -1.1
-95.0 264.75 49.49 10.35 58.87 7.64 54.18 5.05 22.9 -1.1
-18.0 301.18 53.43 7.23 62.84 7.24 58.09 4.62 22.9 -1.1
-36.0 257.57 52.53 7.05 62.02 6.75 57.29 4.08 22.9 -1.1
-57.0 237.04 51.78 9.21 61.45 7.74 56.64 4.98 22.9 -1.1
-5.0 286.45 53.02 6.36 62.65 6.97 57.67 4.14 23.0 -1.0
-95.0 278.37 49.43 10.16 58.76 7.89 54.0 5.04 23.0 -1.0
-18.0 301.29 53.47 7.21 62.88 7.3 58.14 4.65 23.0 -1.0
-36.0 252.89 52.48 7.1 61.89 6.8 57.16 4.13 23.0 -1.0
-57.0 223.96 51.8 9.22 61.29 7.61 56.71 4.98 23.0 -1.0
-5.0 292.06 52.91 6.3 62.63 6.92 57.6 4.12 23.1 -0.9
-95.0 275.15 49.05 10.22 58.67 7.95 53.65 5.06 23.1 -0.9
-18.0 300.38 53.41 7.27 62.94 7.39 58.14 4.7 23.1 -0.9
-36.0 247.91 52.49 7.09 61.93 6.89 57.21 4.12 23.1 -0.9
-57.0 220.34 52.31 8.98 61.5 7.47 57.12 4.89 23.1 -0.9
-5.0 289.33 52.79 6.27 62.47 6.84 57.52 4.08 23.2 -0.8
-95.0 275.07 49.17 10.01 58.26 7.75 53.75 4.98 23.2 -0.8
-18.0 302.73 53.37 7.2 62.96 7.3 58.16 4.64 23.2 -0.8
-36.0 246.77 52.54 7.15 61.84 6.8 57.26 4.12 23.2 -0.8
-57.0 224.2 51.97 9.13 61.13 7.39 56.82 4.9 23.2 -0.8
-5.0 291.77 52.7 6.37 62.46 6.87 57.55 4.16 23.3 -0.7
-95.0 278.67 49.21 9.97 58.23 7.62 53.72 4.84 23.3 -0.7
-18.0 302.6 53.46 7.2 62.97 7.44 58.18 4.66 23.3 -0.7
-36.0 243.64 52.43 7.13 61.86 6.72 57.27 4.05 23.3 -0.7
-57.0 209.4 51.84 9.16 61.36 7.53 56.88 4.99 23.3 -0.7
-5.0 292.29 52.97 6.3 62.58 6.82 57.68 4.16 23.4 -0.6
-95.0 279.88 48.62 10.16 57.67 7.96 53.06 4.98 23.4 -0.6
-18.0 299.89 53.38 7.29 63.05 7.37 58.2 4.65 23.4 -0.6
-36.0 242.8 52.28 7.14 61.84 6.88 57.13 4.09 23.4 -0.6
-57.0 208.89 51.85 9.08 61.24 7.46 56.79 4.98 23.4 -0.6
-5.0 292.22 53.03 6.31 62.66 6.96 57.76 4.18 23.5 -0.5
-95.0 270.49 48.6 10.13 57.7 7.77 53.2 4.91 23.5 -0.5
-18.0 299.07 53.35 7.31 62.83 7.39 58.09 4.69 23.5 -0.5
-36.0 238.05 52.33 7.11 61.9 6.77 57.17 4.07 23.5 -0.5
-57.0 207.59 51.68 9.31 61.4 7.44 56.73 4.97 23.5 -0.5
-5.0 290.29 53.31 6.2 62.76 6.89 57.89 4.08 23.6 -0.4
-95.0 263.8 48.46 10.15 57.65 7.79 53.08 4.94 23.6 -0.4
-18.0 298.31 53.1 7.3 62.78 7.24 58.01 4.66 23.6 -0.4
-36.0 237.64 52.23 7.21 61.93 6.77 57.22 4.09 23.6 -0.4
-57.0 206.9 51.68 9.19 61.28 7.32 56.74 4.86 23.6 -0.4
-5.0 291.19 53.11 6.32 62.76 6.92 57.86 4.09 23.7 -0.3
-95.0 270.98 48.65 10.26 57.77 7.69 53.15 4.98 23.7 -0.3
-18.0 297.53 53.09 7.37 62.77 7.22 58.04 4.64 23.7 -0.3
-36.0 234.94 52.14 7.18 61.89 6.73 57.09 4.09 23.7 -0.3
-57.0 208.84 51.39 9.28 60.96 7.53 56.39 4.91 23.7 -0.3
-5.0 286.92 53.26 6.27 62.89 6.96 57.94 4.09 23.8 -0.2
-95.0 259.21 48.52 10.12 57.73 7.87 53.06 5.19 23.8 -0.2
-18.0 295.9 52.94 7.39 62.73 7.22 57.98 4.63 23.8 -0.2
-36.0 231.76 52.07 7.24 61.73 6.73 57.06 4.1 23.8 -0.2
-57.0 208.77 51.55 9.3 61.18 7.48 56.68 4.95 23.8 -0.2
-5.0 289.41 53.13 6.34 62.91 6.99 57.97 4.13 23.9 -0.1
-95.0 248.27 48.72 9.89 57.75 7.64 53.07 4.96 23.9 -0.1
-18.0 293.36 52.87 7.46 62.73 7.28 57.95 4.68 23.9 -0.1
-36.0 226.99 51.98 7.3 61.75 6.72 57.01 4.1 23.9 -0.1
-57.0 208.95 51.6 9.06 61.06 7.47 56.61 4.86 23.9 -0.1
-5.0 291.02 52.89 6.25 62.66 7.02 57.81 4.11 12.24 0.0
-95.0 249.35 48.41 9.63 57.28 7.53 52.82 5.04 11.28 0.0
-18.0 291.24 52.85 7.46 62.83 7.23 58.04 4.63 11.93 0.0
-36.0 227.46 51.99 7.3 61.78 6.73 57.03 4.11 12.12 0.0
-57.0 205.54 51.72 9.07 61.42 7.37 56.82 4.86 12.24 0.0
-5.0 285.79 53.0 6.46 62.91 7.04 57.96 4.17 0.1 0.1
-95.0 256.27 48.49 9.62 57.72 7.63 52.85 4.96 0.1 0.1
-18.0 290.14 52.93 7.53 62.82 7.33 58.03 4.65 0.1 0.1
-36.0 219.54 51.95 7.37 61.79 6.68 57.02 4.1 0.1 0.1
-57.0 212.3 51.37 9.19 60.83 7.28 56.34 4.85 0.1 0.1
-5.0 287.22 53.06 6.45 63.06 7.09 58.09 4.17 0.2 0.2
-95.0 250.57 48.61 9.02 57.61 7.66 52.57 4.97 0.2 0.2
-18.0 284.18 52.9 7.62 62.86 7.38 58.03 4.65 0.2 0.2
-36.0 211.35 51.82 7.38 61.6 6.76 56.87 4.17 0.2 0.2
-57.0 213.79 51.45 8.73 60.96 7.17 56.34 4.83 0.2 0.2
-5.0 288.77 52.86 6.43 62.81 7.19 57.86 4.28 0.3 0.3
-95.0 243.24 48.25 9.37 58.02 7.76 52.51 5.04 0.3 0.3
-18.0 281.37 52.9 7.71 62.84 7.39 58.08 4.72 0.3 0.3
-36.0 211.58 51.78 7.36 61.53 6.62 56.81 4.11 0.3 0.3
-57.0 218.87 51.4 8.65 60.72 7.3 56.3 4.88 0.3 0.3
-5.0 291.72 52.99 6.52 62.85 7.01 58.05 4.13 0.4 0.4
-95.0 237.71 48.28 9.08 57.16 7.71 52.37 4.89 0.4 0.4
-18.0 283.51 52.87 7.67 62.89 7.44 58.08 4.7 0.4 0.4
-36.0 206.6 51.69 7.48 61.5 6.75 56.8 4.16 0.4 0.4
-57.0 215.1 50.96 8.67 60.59 7.37 55.88 4.85 0.4 0.4
-5.0 291.23 52.74 6.59 62.75 6.77 57.95 4.19 0.5 0.5
-95.0 254.69 48.69 9.12 57.78 7.72 52.9 5.0 0.5 0.5
-18.0 277.18 52.79 7.74 62.82 7.43 58.06 4.69 0.5 0.5
-36.0 205.17 51.69 7.35 61.3 6.7 56.67 4.14 0.5 0.5
-57.0 214.05 50.66 8.59 60.34 7.47 55.41 4.89 0.5 0.5
-5.0 292.99 52.9 6.4 62.84 6.76 57.94 4.1 0.6 0.6
-95.0 243.07 48.24 9.01 57.49 8.12 52.52 4.9 0.6 0.6
-18.0 273.86 52.8 7.74 62.72 7.4 58.0 4.77 0.6 0.6
-36.0 200.64 51.72 7.39 61.3 6.79 56.71 4.14 0.6 0.6
-57.0 218.94 51.06 8.5 60.81 7.23 56.04 4.79 0.6 0.6
-5.0 300.3 53.08 6.45 62.85 6.72 58.03 4.04 0.7 0.7
-95.0 256.33 48.48 9.08 57.67 8.07 52.68 4.96 0.7 0.7
-18.0 272.78 52.84 7.7 62.71 7.45 58.03 4.71 0.7 0.7
-36.0 200.56 51.75 7.28 61.29 6.73 56.68 4.11 0.7 0.7
-57.0 225.08 50.44 8.48 60.43 7.22 55.45 4.77 0.7 0.7
-5.0 301.92 52.96 6.36 62.95 6.68 58.03 4.0 0.8 0.8
-95.0 247.0 48.71 8.71 57.89 7.73 53.01 4.96 0.8 0.8
-18.0 272.24 52.79 7.8 62.74 7.34 58.04 4.67 0.8 0.8
-36.0 198.0 51.73 7.33 61.42 6.72 56.67 4.17 0.8 0.8
-57.0 225.47 50.66 8.47 60.17 7.12 55.55 4.73 0.8 0.8
-5.0 296.5 52.74 6.54 62.93 6.83 57.97 4.13 0.9 0.9
-95.0 264.03 49.07 8.76 58.65 7.6 53.45 5.01 0.9 0.9
-18.0 265.29 52.86 7.76 62.75 7.3 58.03 4.68 0.9 0.9
-36.0 198.95 51.92 7.27 61.42 6.57 56.75 4.09 0.9 0.9
-57.0 219.99 50.42 8.58 60.02 7.22 55.34 4.81 0.9 0.9
-5.0 296.97 52.87 6.56 63.12 6.86 58.03 4.08 1.0 1.0
-95.0 257.73 48.74 8.67 58.27 7.94 53.0 5.13 1.0 1.0
-18.0 258.43 52.71 7.72 62.74 7.37 58.0 4.64 1.0 1.0
-36.0 191.73 51.76 7.37 61.34 6.66 56.66 4.19 1.0 1.0
-57.0 215.52 50.17 8.6 59.82 7.12 55.22 4.74 1.0 1.0
-5.0 301.16 52.95 6.48 62.95 6.69 58.08 4.03 1.1 1.1
-95.0 263.13 49.41 8.58 59.19 8.06 53.57 5.17 1.1 1.1
-18.0 251.63 52.65 7.77 62.77 7.37 58.01 4.66 1.1 1.1
-36.0 192.82 51.67 7.28 61.31 6.59 56.63 4.14 1.1 1.1
-57.0 218.5 50.2 8.39 59.57 7.23 55.04 4.76 1.1 1.1
-5.0 295.96 52.81 6.65 63.01 6.67 58.07 4.0 1.2 1.2
-95.0 257.31 48.66 8.08 58.02 7.36 52.81 4.82 1.2 1.2
-18.0 250.95 52.66 7.75 62.77 7.31 57.97 4.66 1.2 1.2
-36.0 193.92 51.77 7.35 61.34 6.62 56.66 4.14 1.2 1.2
-57.0 216.89 50.1 8.1 59.52 7.21 54.82 4.64 1.2 1.2
-5.0 300.31 52.64 6.72 63.05 6.75 58.06 4.08 1.3 1.3
-95.0 270.57 48.93 7.87 58.23 7.79 53.0 4.86 1.3 1.3
-18.0 250.5 52.68 7.86 62.8 7.42 58.07 4.74 1.3 1.3
-36.0 193.97 51.68 7.27 61.14 6.53 56.6 4.12 1.3 1.3
-57.0 226.04 49.89 8.07 59.35 7.33 54.48 4.68 1.3 1.3
-5.0 298.47 52.91 6.61 63.13 6.67 58.26 4.09 1.4 1.4
-95.0 285.28 48.91 8.1 58.02 8.01 53.02 5.06 1.4 1.4
-18.0 244.64 52.81 7.81 62.8 7.37 58.09 4.66 1.4 1.4
-36.0 194.78 51.67 7.39 61.11 6.68 56.62 4.17 1.4 1.4
-57.0 213.62 49.65 8.3 59.41 7.01 54.61 4.54 1.4 1.4
-5.0 294.82 52.78 6.94 63.01 6.68 58.35 4.28 1.5 1.5
-95.0 295.02 48.58 8.15 57.35 7.26 52.54 4.97 1.5 1.5
-18.0 239.25 52.8 7.8 62.78 7.41 58.01 4.69 1.5 1.5
-36.0 201.2 51.54 7.31 61.07 6.62 56.5 4.13 1.5 1.5
-57.0 203.18 49.55 7.86 59.11 7.23 54.19 4.44 1.5 1.5
-5.0 287.94 52.94 6.65 63.01 6.54 58.28 4.05 1.6 1.6
-95.0 292.18 48.8 7.72 58.02 7.48 52.55 4.69 1.6 1.6
-18.0 236.57 52.65 7.85 62.71 7.34 57.99 4.66 1.6 1.6
-36.0 198.79 51.49 7.3 60.94 6.6 56.46 4.15 1.6 1.6
-57.0 201.98 49.48 7.94 59.09 7.07 54.29 4.5 1.6 1.6
-5.0 282.9 52.79 6.79 62.73 6.54 58.14 4.12 1.7 1.7
-95.0 298.48 48.43 7.86 57.52 7.09 52.43 4.6 1.7 1.7
-18.0 231.48 52.68 7.93 62.65 7.47 57.96 4.74 1.7 1.7
-36.0 202.76 51.53 7.4 61.11 6.62 56.54 4.13 1.7 1.7
-57.0 195.11 49.07 7.84 58.53 7.39 53.61 4.5 1.7 1.7
-5.0 265.39 52.99 6.94 63.02 6.47 58.42 4.17 1.8 1.8
-95.0 309.65 47.67 7.77 56.89 7.06 51.74 4.46 1.8 1.8
-18.0 224.51 52.58 7.9 62.5 7.36 57.86 4.69 1.8 1.8
-36.0 204.34 51.51 7.37 60.91 6.58 56.4 4.16 1.8 1.8
-57.0 180.64 49.31 7.88 59.01 7.25 54.01 4.61 1.8 1.8
-5.0 256.6 53.2 6.91 63.06 6.48 58.54 4.15 1.9 1.9
-95.0 307.0 48.32 7.76 57.07 7.23 52.27 4.63 1.9 1.9
-18.0 219.46 52.54 7.89 62.52 7.31 57.85 4.64 1.9 1.9
-36.0 204.58 51.37 7.32 60.89 6.54 56.3 4.08 1.9 1.9
-57.0 165.86 49.38 7.76 58.65 7.41 53.85 4.66 1.9 1.9
-5.0 242.78 53.23 6.82 62.72 6.37 58.37 4.16 2.0 2.0
-18.0 210.93 52.45 7.89 62.49 7.3 57.81 4.67 2.0 2.0
-36.0 200.19 51.36 7.41 61.23 6.69 56.47 4.1 2.0 2.0
-57.0 177.84 48.99 7.71 58.72 7.31 53.78 4.67 2.0 2.0
-5.0 226.37 53.28 6.89 62.86 6.6 58.32 4.29 2.1 2.1
-95.0 279.62 47.9 7.42 56.95 6.66 51.95 4.28 2.1 2.1
-18.0 203.51 52.39 7.94 62.47 7.4 57.78 4.66 2.1 2.1
-36.0 201.07 51.34 7.33 61.14 6.59 56.39 4.07 2.1 2.1
-57.0 176.84 48.95 7.66 58.55 7.48 53.49 4.6 2.1 2.1
-5.0 221.57 53.4 6.81 62.87 6.58 58.47 4.32 2.2 2.2
-18.0 199.06 52.49 7.84 62.45 7.31 57.75 4.65 2.2 2.2
-36.0 196.21 51.5 7.35 61.3 6.69 56.58 4.15 2.2 2.2
-57.0 173.71 48.9 7.63 58.74 7.33 53.62 4.69 2.2 2.2
-5.0 207.77 53.01 6.93 62.69 6.74 58.21 4.28 2.3 2.3
-18.0 188.92 52.57 7.69 62.28 7.36 57.67 4.65 2.3 2.3
-36.0 198.65 51.39 7.37 61.38 6.69 56.54 4.15 2.3 2.3
-57.0 183.75 48.72 7.47 58.45 7.26 53.38 4.72 2.3 2.3
-5.0 195.89 52.75 6.99 62.69 6.78 58.04 4.27 2.4 2.4
-18.0 180.66 52.52 7.76 62.36 7.29 57.78 4.62 2.4 2.4
-36.0 197.31 51.39 7.35 61.36 6.62 56.55 4.12 2.4 2.4
-57.0 136.5 49.11 7.57 58.94 7.1 53.82 4.65 2.4 2.4
-5.0 187.34 52.78 6.89 62.72 6.82 58.07 4.22 2.5 2.5
-95.0 249.76 48.6 6.35 57.12 6.35 52.6 3.9 2.5 2.5
-18.0 172.84 52.53 7.71 62.43 7.35 57.74 4.65 2.5 2.5
-36.0 192.08 51.38 7.28 61.5 6.78 56.56 4.17 2.5 2.5
-57.0 144.88 49.27 7.7 58.74 7.24 53.75 4.85 2.5 2.5
-5.0 169.71 52.65 7.01 62.87 6.82 58.11 4.2 2.6 2.6
-95.0 243.67 48.37 6.39 57.19 6.62 52.56 3.97 2.6 2.6
-18.0 161.58 52.4 7.76 62.35 7.3 57.65 4.62 2.6 2.6
-36.0 191.39 51.39 7.26 61.69 6.79 56.66 4.18 2.6 2.6
-57.0 139.79 49.19 7.85 58.47 7.4 53.75 4.82 2.6 2.6
-5.0 157.59 52.47 7.02 62.78 6.94 57.9 4.25 2.7 2.7
-18.0 160.71 52.48 7.64 62.26 7.36 57.61 4.63 2.7 2.7
-36.0 187.89 51.29 7.19 61.55 6.82 56.54 4.17 2.7 2.7
-57.0 135.12 48.78 7.85 58.24 7.41 53.4 4.79 2.7 2.7
-5.0 161.32 52.77 6.93 62.84 6.72 58.16 4.24 2.8 2.8
-18.0 152.44 52.34 7.75 62.33 7.31 57.6 4.6 2.8 2.8
-36.0 187.43 51.26 7.13 61.3 6.78 56.42 4.24 2.8 2.8
-5.0 141.63 52.43 7.02 62.94 6.83 57.98 4.17 2.9 2.9
-18.0 144.81 52.37 7.77 62.19 7.47 57.51 4.68 2.9 2.9
-36.0 179.17 51.27 7.08 61.32 6.73 56.36 4.31 2.9 2.9
-5.0 146.18 52.39 6.91 62.77 6.8 57.8 4.24 3.0 3.0
-18.0 139.9 52.28 7.74 62.29 7.39 57.52 4.63 3.0 3.0
-36.0 177.44 51.2 7.13 61.37 6.78 56.4 4.36 3.0 3.0
-5.0 132.21 52.59 6.98 62.6 6.94 57.78 4.33 3.1 3.1
-18.0 134.37 52.33 7.69 62.32 7.48 57.5 4.62 3.1 3.1
-36.0 163.45 51.07 7.01 61.18 6.68 56.26 4.3 3.1 3.1
-5.0 134.51 52.59 6.78 62.72 6.91 57.75 4.22 3.2 3.2
-18.0 126.15 52.19 7.76 62.29 7.45 57.5 4.63 3.2 3.2
-36.0 159.48 50.8 7.0 61.19 6.81 56.17 4.35 3.2 3.2
-5.0 116.95 52.38 6.88 62.35 6.85 57.6 4.22 3.3 3.3
-18.0 125.0 52.23 7.68 62.25 7.46 57.43 4.62 3.3 3.3
-36.0 154.73 50.89 7.0 61.21 6.78 56.13 4.32 3.3 3.3
-5.0 112.73 52.69 6.86 62.69 6.85 57.87 4.18 3.4 3.4
-18.0 121.98 52.21 7.61 62.19 7.47 57.36 4.62 3.4 3.4
-36.0 141.05 51.05 6.94 61.02 6.81 56.17 4.39 3.4 3.4
-5.0 109.92 52.19 6.91 62.45 6.86 57.45 4.3 3.5 3.5
-18.0 115.29 52.17 7.53 62.12 7.63 57.23 4.63 3.5 3.5
-36.0 128.67 51.27 6.81 61.19 6.75 56.19 4.31 3.5 3.5
-5.0 104.84 52.51 6.65 62.35 6.81 57.4 4.16 3.6 3.6
-18.0 112.54 52.23 7.48 62.12 7.56 57.22 4.67 3.6 3.6
-36.0 120.43 51.01 6.9 60.91 6.69 56.09 4.31 3.6 3.6
-5.0 93.6 52.65 6.85 62.5 7.15 57.46 4.31 3.7 3.7
-18.0 106.52 52.17 7.43 61.97 7.58 57.06 4.68 3.7 3.7
-36.0 115.87 50.79 6.87 61.12 6.68 55.89 4.34 3.7 3.7
-5.0 95.55 52.47 6.87 62.48 7.12 57.51 4.43 3.8 3.8
-18.0 107.11 52.14 7.34 61.91 7.46 57.09 4.68 3.8 3.8
-36.0 96.81 51.02 6.75 61.15 6.8 55.89 4.34 3.8 3.8
-5.0 82.7 52.61 6.82 62.44 7.18 57.52 4.54 3.9 3.9
-18.0 108.74 51.99 7.42 61.86 7.56 56.93 4.74 3.9 3.9
-36.0 101.02 51.16 6.68 61.02 6.75 55.79 4.3 3.9 3.9
-5.0 78.51 52.51 6.8 62.48 7.12 57.48 4.42 4.0 4.0
-18.0 99.75 52.06 7.44 61.94 7.64 56.95 4.74 4.0 4.0
-5.0 65.15 52.36 6.91 62.17 7.13 57.18 4.67 4.1 4.1
-18.0 105.1 52.13 7.48 61.77 7.52 56.99 4.82 4.1 4.1
-5.0 63.84 52.42 6.94 62.12 6.99 57.51 4.5 4.2 4.2
-18.0 102.31 52.2 7.5 61.85 7.48 57.04 4.73 4.2 4.2
-5.0 62.0 52.44 6.79 61.93 7.07 57.19 4.66 4.3 4.3
-18.0 109.92 52.18 7.5 61.9 7.64 56.96 4.82 4.3 4.3
-5.0 66.33 52.66 6.73 61.93 7.04 57.26 4.62 4.4 4.4
-18.0 99.44 52.18 7.49 61.82 7.67 56.92 4.82 4.4 4.4
-5.0 65.22 52.19 6.96 61.63 7.09 56.95 4.72 4.5 4.5
-18.0 105.55 52.27 7.49 61.79 7.67 57.02 4.86 4.5 4.5
-5.0 70.22 52.31 6.89 61.89 6.93 57.11 4.62 4.6 4.6
-18.0 101.09 52.51 7.68 62.1 7.78 57.34 4.94 4.6 4.6
-5.0 82.72 52.56 6.96 62.31 7.28 57.09 4.62 4.7 4.7
-18.0 98.8 52.44 7.71 62.09 7.86 57.36 4.98 4.7 4.7
-5.0 85.16 52.24 7.18 62.28 6.87 57.36 4.64 4.8 4.8
-18.0 86.09 52.49 7.92 62.2 8.03 57.32 5.02 4.8 4.8
-5.0 81.9 52.28 7.1 62.44 6.94 57.21 4.61 4.9 4.9
-5.0 80.59 52.42 7.09 62.36 6.85 57.44 4.72 5.0 5.0
-5.0 89.89 52.71 7.46 62.64 6.91 57.73 4.61 5.1 5.1
